3
27
4
33
14
44
24
34
45
61
53
95
111
123
124
133
135
130
138
152
141
170
161
168
153
165
187
199
219
225
207
231
241
240
244
256
252
264
274
291
275
298
309
310
306
301
329
347
363
356
359
351
399
411
440
456
457
476
469
494
486
538
535
546
541
556
560
552
583
577
585
615
604
637
645
647
635
627
661
669
668
678
685
696
702
729
730
745
746
751
754
752
755
789
811
814
812
807
813
822
831
820
838
839
845
854
857
870
873
881
876
918
911
907
931
940
989
990
975
994
1024
1029
1044
1048
1073
1074
1087
1105
1106
1101
1104
1108
1110
1137
1116
1153
1180
1176
1204
1218
1211
1234
1220
1237
1239
1240
1250
1242
1254
1222
1251
1279
1256
1303
1341
1343
1338
1347
1368
1375
1389
1384
1407
1423
1419
1444
1445
1470
1471
1475
1462
1464
1495
1486
1513
1465
1514
1542
1516
1561
1572
1557
1558
1590
1592
1615
1611
1588
1595
1614
1643
1660
1661
1651
1662
1685
1666
1696
1697
1704
1720
1723
1713
1743
1750
1734
1787
1826
1807
1829
1831
1861
1868
1881
1879
1902
1904
1894
1903
1884
1945
1922
1948
1949
1963
1986
1993
2006
1994
2010
2002
2020
2021
2008
2056
2045
2064
2084
2086
2085
2082
2087
2090
2104
2106
2128
2125
2126
2162
2181
2177
2174
2198
2188
2219
2252
2275
2276
2284
2323
2324
2334
2325
2310
2363
2366
2333
2388
2400
2401
2411
2421
2405
2428
2431
2418
2456
2457
2472
2471
2441
2474
2480
2478
2498
2490
2512
2511
2514
2518
2515
2527
2526
2552
2543
2553
2565
2590
2595
2601
2610
2614
2633
2632
2644
2638
2624
2650
2677
2714
2736
2728
2757
2800
2764
2798
2834
2855
2851
2850
2852
2853
2857
2858
2864
2885
2879
2903
2924
2917
2941
2914
2945
2973
2978
2980
2985
2991
2993
2994
2999
3002
2995
3014
3007
3030
3024
3058
3057
3068
3069
3061
3072
3062
3052
3087
3110
3112
3133
3117
3131
3155
3173
3177
3178
3202
3201
3208
3206
3233
3232
3223
3222
3214
3271
3252
3275
3282
3308
3321
3330
3338
3317
3341
3357
3380
3377
3368
3388
3392
3399
3389
3414
3387
3419
3429
3413
3415
3471
3474
3487
3504
3509
3545
3556
3576
3562
3580
3584
3598
3599
3611
3644
3640
3659
3642
3668
3681
3698
3694
3654
3704
3695
3696
3687
3716
3714
3719
3726
3710
3729
3731
3711
3739
3767
3779
3773
3790
3804
3786
3775
3821
3836
3840
3830
3829
3874
3862
3841
3891
3892
3881
3911
3910
3921
3925
3929
3945
3959
3961
3958
3975
3981
3993
3994
4062
4055
4071
4083
4090
4107
4118
4119
4125
4091
4139
4142
4151
4170
4184
4187
4182
4201
4211
4212
4250
4240
4245
4259
4262
4270
4272
4287
4284
4302
4303
4325
4330
4315
4354
4351
4337
4350
4369
4394
4400
4381
4425
4414
4429
4440
4446
4442
4475
4461
4474
4502
4503
4509
4512
4536
4547
4565
4592
4585
4603
4606
4609
4636
4618
4643
4642
4646
4647
4664
4650
4665
4674
4708
4694
4725
4724
4735
4732
4751
4746
4780
4819
4793
4818
4830
4838
4848
4846
4849
4858
4857
4871
4884
4887
4889
4870
4897
4898
4899
4894
4909
4923
4948
4973
4982
5012
5023
2
7
10
13
16
17
18
20
22
23
25
31
32
35
38
41
42
46
50
54
56
58
64
68
69
70
75
78
79
83
84
85
86
92
94
97
100
101
102
103
104
105
106
107
108
109
110
113
114
115
126
134
137
140
143
146
148
149
150
155
167
173
176
177
180
181
183
184
185
186
188
189
190
191
192
193
194
204
212
214
215
217
218
220
223
224
235
238
248
249
250
251
253
254
267
268
276
278
279
282
283
287
288
289
303
305
312
313
315
322
323
326
331
337
342
350
357
360
361
372
385
390
392
393
397
401
402
408
412
413
414
415
416
417
418
419
420
421
424
431
432
437
438
439
447
448
450
451
462
463
464
465
468
473
478
479
488
489
491
492
493
497
498
503
504
505
506
507
508
512
513
519
524
526
527
528
529
530
531
532
533
543
547
548
550
551
554
561
566
590
591
592
596
598
605
607
612
616
618
620
621
622
624
625
626
631
632
633
634
638
641
642
652
653
654
657
659
660
670
673
674
677
683
684
689
690
698
700
701
704
707
708
709
712
713
724
726
734
735
736
738
753
760
761
767
769
772
774
775
781
788
791
793
797
798
799
800
801
802
803
804
805
806
815
818
823
825
829
836
837
840
842
843
846
847
849
860
882
893
894
898
899
901
902
903
904
906
910
912
913
916
917
919
920
921
922
923
929
934
937
939
941
943
944
945
949
950
952
963
969
971
974
977
979
980
981
982
983
984
987
988
995
1009
1012
1017
1019
1021
1025
1028
1030
1033
1038
1039
1040
1046
1052
1056
1063
1068
1069
1075
1076
1078
1082
1083
1085
1090
1092
1094
1096
1097
1100
1117
1122
1123
1124
1127
1130
1135
1143
1144
1149
1151
1152
1160
1163
1166
1172
1177
1178
1189
1191
1193
1195
1196
1203
1205
1207
1215
1226
1228
1231
1244
1260
1268
1269
1270
1271
1272
1273
1274
1276
1278
1286
1287
1293
1294
1295
1296
1309
1312
1313
1314
1315
1319
1321
1325
1328
1329
1330
1331
1334
1335
1336
1339
1340
1352
1353
1355
1359
1370
1372
1373
1376
1386
1388
1390
1391
1392
1398
1399
1406
1409
1411
1420
1422
1426
1429
1433
1434
1447
1449
1451
1452
1455
1456
1466
1467
1477
1480
1484
1485
1493
1494
1497
1499
1505
1507
1508
1510
1515
1520
1524
1525
1526
1527
1529
1531
1532
1536
1545
1546
1547
1548
1549
1550
1553
1555
1559
1565
1566
1569
1571
1573
1574
1575
1578
1581
1584
1587
1593
1597
1601
1604
1606
1607
1621
1622
1623
1627
1629
1633
1636
1640
1641
1642
1644
1648
1654
1658
1659
1668
1669
1671
1672
1673
1676
1677
1678
1680
1682
1688
1689
1690
1691
1699
1707
1708
1709
1712
1714
1718
1724
1725
1726
1728
1735
1736
1738
1752
1753
1760
1764
1769
1771
1773
1774
1776
1777
1781
1785
1790
1793
1796
1805
1806
1809
1814
1816
1818
1821
1823
1836
1838
1842
1848
1849
1850
1851
1854
1855
1856
1858
1859
1860
1862
1863
1869
1870
1871
1872
1876
1877
1882
1883
1889
1891
1893
1896
1898
1905
1906
1911
1915
1916
1928
1931
1939
1941
1955
1961
1965
1977
1978
1979
1984
1988
1991
1992
1998
2004
2019
2024
2028
2030
2036
2038
2040
2047
2053
2058
2059
2060
2065
2068
2071
2072
2080
2083
2091
2092
2095
2098
2099
2109
2112
2114
2115
2116
2119
2120
2122
2124
2129
2131
2135
2142
2143
2144
2145
2146
2147
2148
2151
2154
2158
2163
2165
2172
2173
2182
2183
2184
2185
2204
2206
2207
2209
2214
2221
2222
2223
2224
2226
2231
2236
2239
2242
2249
2250
2251
2253
2254
2255
2259
2265
2268
2273
2281
2282
2287
2288
2289
2294
2296
2298
2301
2302
2303
2305
2307
2309
2315
2316
2319
2321
2326
2327
2329
2331
2337
2348
2351
2354
2355
2356
2357
2360
2364
2365
2369
2370
2371
2374
2383
2391
2393
2396
2397
2399
2406
2407
2408
2409
2413
2419
2420
2422
2423
2426
2433
2439
2440
2445
2448
2449
2450
2455
2459
2463
2467
2469
2470
2475
2479
2484
2494
2496
2497
2499
2504
2505
2506
2507
2510
2519
2520
2528
2533
2534
2537
2542
2544
2549
2550
2551
2557
2558
2559
2562
2566
2570
2575
2576
2577
2580
2582
2583
2592
2596
2604
2605
2613
2621
2628
2639
2646
2651
2653
2654
2659
2662
2666
2671
2673
2674
2680
2682
2683
2684
2686
2687
2696
2699
2700
2701
2702
2707
2708
2709
2711
2713
2716
2723
2730
2739
2740
2741
2742
2745
2750
2767
2772
2773
2774
2779
2781
2796
2797
2799
2801
2802
2803
2814
2815
2825
2827
2828
2829
2831
2835
2836
2837
2845
2859
2861
2862
2865
2866
2867
2871
2874
2886
2890
2897
2901
2905
2908
2909
2912
2913
2915
2919
2920
2923
2928
2946
2947
2949
2951
2953
2955
2956
2957
2958
2963
2967
2968
2969
3001
3004
3025
3028
3029
3036
3041
3049
3056
3063
3064
3075
3079
3080
3086
3098
3102
3122
3125
3126
3130
3132
3134
3138
3144
3145
3152
3156
3185
3190
3194
3196
3197
3198
3203
3204
3211
3213
3215
3216
3217
3225
3231
3234
3236
3239
3240
3242
3245
3246
3247
3248
3256
3259
3264
3267
3270
3287
3288
3292
3295
3299
3301
3302
3310
3314
3315
3316
3319
3320
3322
3323
3327
3329
3332
3344
3346
3352
3359
3360
3361
3362
3365
3367
3369
3370
3372
3373
3378
3381
3383
3386
3396
3398
3401
3404
3408
3411
3424
3432
3433
3436
3441
3445
3446
3449
3453
3454
3457
3459
3460
3461
3470
3478
3482
3485
3493
3496
3506
3513
3518
3528
3530
3535
3539
3547
3549
3551
3563
3567
3582
3594
3597
3601
3603
3604
3609
3615
3625
3627
3630
3641
3651
3657
3658
3663
3667
3671
3673
3679
3683
3684
3685
3686
3690
3693
3697
3708
3709
3713
3717
3718
3727
3728
3730
3733
3735
3737
3740
3756
3757
3764
3769
3776
3778
3784
3787
3793
3795
3796
3797
3800
3805
3809
3827
3828
3831
3834
3842
3844
3848
3849
3850
3851
3853
3855
3859
3860
3861
3863
3865
3872
3873
3894
3898
3899
3900
3903
3906
3930
3931
3932
3935
3940
3952
3956
3957
3963
3964
3968
3969
3972
3986
3991
4002
4006
4007
4008
4009
4010
4014
4020
4022
4026
4031
4039
4044
4045
4046
4054
4058
4068
4074
4082
4097
4106
4112
4116
4117
4122
4124
4136
4150
4155
4160
4162
4165
4167
4171
4175
4176
4179
4186
4189
4192
4193
4194
4197
4203
4214
4217
4221
4222
4225
4237
4241
4246
4252
4257
4265
4266
4271
4285
4286
4289
4290
4291
4294
4300
4301
4306
4313
4317
4318
4326
4327
4329
4333
4335
4338
4347
4356
4363
4367
4376
4377
4378
4380
4382
4383
4384
4385
4386
4387
4395
4399
4404
4405
4409
4411
4412
4416
4417
4418
4419
4422
4428
4430
4432
4438
4439
4445
4458
4462
4463
4467
4470
4473
4482
4485
4489
4505
4519
4520
4524
4529
4531
4533
4538
4541
4545
4546
4551
4552
4553
4554
4555
4556
4558
4566
4572
4573
4577
4581
4595
4602
4608
4611
4612
4613
4620
4622
4623
4628
4632
4633
4640
4641
4645
4649
4653
4654
4655
4661
4668
4670
4671
4673
4681
4682
4683
4692
4693
4696
4700
4701
4702
4705
4707
4709
4710
4713
4714
4717
4727
4728
4745
4750
4752
4758
4760
4763
4768
4772
4777
4778
4789
4791
4799
4801
4805
4806
4807
4810
4817
4820
4822
4824
4825
4828
4850
4860
4864
4865
4866
4873
4878
4881
4893
4908
4910
4912
4916
4919
4920
4921
4922
4924
4925
4927
4929
4935
4940
4943
4951
4955
4956
4959
4960
4962
4970
4976
4977
4980
4987
4992
4995
4996
4999
5003
5007
5008
5009
5013
5016
5017
5019
5021
5024
5026
