2
7
10
13
16
17
18
20
22
23
25
31
32
35
38
41
42
46
50
54
56
58
64
68
69
70
75
79
83
84
85
86
92
94
95
97
100
101
102
103
104
105
106
107
108
109
110
113
114
115
116
126
128
130
134
137
140
143
146
148
149
150
152
155
162
167
173
174
176
177
180
181
183
184
185
186
188
189
190
191
192
193
194
196
199
201
202
203
204
212
214
215
217
218
220
223
224
231
233
235
237
238
241
242
248
249
250
251
253
254
263
268
276
278
279
282
283
285
287
288
289
294
297
298
303
305
308
312
313
315
317
319
321
322
323
326
328
331
337
339
342
350
357
359
360
361
362
372
383
385
388
390
392
393
397
401
402
406
408
412
413
414
415
416
417
418
419
420
421
424
429
431
432
433
434
437
438
439
447
448
449
450
451
452
460
461
462
463
464
465
468
473
474
475
478
479
484
488
491
492
493
497
498
503
504
505
506
507
508
512
513
519
522
524
526
527
528
529
530
532
533
543
547
548
550
551
554
561
566
571
584
590
591
592
596
598
605
607
612
616
618
620
621
622
624
625
626
631
632
633
634
635
638
640
641
642
652
653
654
655
657
659
660
661
665
670
673
674
677
683
684
689
690
694
698
700
701
704
707
708
709
712
713
717
724
726
734
735
736
738
741
753
754
760
761
767
769
772
774
775
781
782
784
788
791
793
797
798
799
800
801
802
803
804
805
806
812
815
818
823
825
829
836
837
839
840
842
843
846
847
849
859
860
873
882
884
893
894
896
898
899
901
902
903
904
906
910
912
913
916
917
919
920
921
922
923
929
931
934
937
939
941
943
944
945
947
949
950
952
963
966
969
971
974
977
979
980
981
982
983
984
987
988
995
998
1000
1002
1006
1009
1012
1017
1018
1019
1021
1025
1028
1029
1030
1031
1033
1038
1039
1040
1041
1046
1047
1052
1056
1059
1060
1062
1063
1068
1069
1071
1074
1075
1076
1078
1081
1082
1083
1085
1088
1090
1092
1094
1095
1096
1097
1099
1100
1101
1107
1108
1110
1115
1117
1118
1119
1122
1123
1124
1125
1127
1130
1133
1135
1140
1141
1143
1144
1146
1149
1151
1152
1153
1160
1163
1164
1165
1166
1167
1170
1172
1176
1177
1178
1186
1189
1191
1192
1193
1195
1196
1200
1201
1202
1203
1205
1207
1215
1218
1226
1228
1231
1240
1243
1244
1249
1257
1260
1261
1268
1269
1270
1271
1272
1273
1274
1275
1276
1278
1282
1286
1287
1293
1294
1295
1296
1305
1309
1311
1312
1313
1314
1315
1319
1321
1325
1328
1329
1330
1331
1332
1333
1334
1335
1336
1339
1340
1346
1352
1353
1355
1359
1370
1372
1373
1376
1379
1382
1386
1388
1390
1391
1392
1395
1398
1399
1406
1409
1411
1414
1416
1420
1422
1426
1429
1431
1432
1433
1434
1437
1439
1446
1447
1448
1449
1451
1452
1455
1456
1457
1466
1467
1477
1478
1480
1484
1485
1493
1494
1497
1499
1505
1506
1507
1508
1510
1512
1513
1515
1519
1520
1524
1525
1526
1527
1529
1531
1532
1536
1545
1546
1547
1548
1549
1550
1553
1555
1556
1557
1559
1561
1564
1565
1566
1569
1571
1573
1574
1575
1578
1581
1582
1583
1584
1585
1587
1590
1593
1596
1597
1600
1601
1604
1606
1607
1612
1614
1615
1617
1618
1621
1622
1623
1626
1627
1629
1633
1636
1638
1640
1641
1642
1643
1644
1648
1654
1655
1658
1659
1668
1669
1671
1672
1673
1676
1677
1678
1680
1682
1687
1688
1689
1690
1691
1698
1699
1700
1703
1705
1706
1707
1708
1709
1712
1714
1718
1721
1722
1724
1725
1726
1728
1729
1734
1735
1736
1738
1745
1747
1748
1752
1753
1754
1760
1761
1762
1763
1764
1769
1771
1773
1774
1776
1777
1781
1785
1790
1793
1796
1800
1805
1806
1809
1810
1814
1816
1818
1821
1822
1823
1824
1827
1831
1836
1838
1842
1848
1849
1850
1851
1854
1855
1856
1858
1859
1860
1862
1863
1869
1870
1871
1872
1874
1876
1877
1882
1883
1891
1893
1896
1897
1898
1900
1904
1905
1906
1907
1911
1915
1916
1919
1928
1931
1937
1939
1941
1942
1944
1945
1951
1955
1957
1959
1960
1961
1962
1965
1967
1968
1970
1972
1973
1977
1978
1979
1984
1987
1988
1989
1991
1992
1994
1995
1998
1999
2000
2001
2003
2004
2005
2010
2011
2012
2016
2018
2019
2022
2024
2027
2028
2030
2033
2035
2036
2038
2040
2047
2052
2053
2058
2059
2060
2061
2065
2068
2071
2072
2076
2080
2083
2089
2091
2092
2094
2095
2097
2098
2099
2102
2109
2110
2112
2114
2115
2116
2119
2120
2122
2124
2128
2129
2131
2133
2135
2141
2142
2143
2144
2145
2146
2147
2148
2150
2151
2154
2158
2163
2164
2165
2166
2171
2172
2173
2174
2175
2179
2182
2183
2184
2185
2202
2204
2206
2207
2209
2210
2213
2214
2218
2220
2221
2222
2223
2224
2226
2231
2236
2237
2239
2242
2249
2250
2251
2252
2253
2254
2255
2259
2265
2268
2270
2271
2273
2275
2281
2282
2284
2287
2288
2289
2292
2294
2296
2298
2301
2302
2303
2305
2307
2309
2314
2315
2316
2318
2319
2321
2326
2327
2329
2331
2334
2335
2337
2343
2346
2348
2351
2354
2355
2356
2357
2360
2364
2365
2369
2370
2371
2374
2375
2383
2388
2391
2392
2393
2396
2397
2399
2400
2406
2407
2408
2409
2413
2419
2420
2422
2423
2424
2426
2432
2433
2439
2440
2441
2445
2447
2448
2449
2450
2451
2452
2455
2459
2460
2461
2462
2463
2467
2469
2470
2471
2475
2479
2484
2487
2494
2495
2496
2497
2498
2499
2501
2504
2505
2506
2507
2510
2512
2513
2519
2520
2524
2528
2529
2531
2533
2534
2537
2542
2544
2549
2550
2551
2553
2554
2557
2558
2559
2560
2562
2566
2568
2570
2575
2576
2577
2580
2582
2583
2587
2591
2592
2596
2599
2604
2605
2612
2613
2615
2621
2627
2628
2635
2639
2646
2648
2650
2651
2652
2653
2654
2657
2659
2662
2665
2669
2671
2673
2674
2677
2680
2682
2683
2684
2686
2687
2691
2696
2697
2699
2700
2701
2702
2707
2708
2709
2710
2711
2713
2716
2723
2730
2732
2733
2735
2737
2739
2740
2741
2742
2745
2746
2750
2756
2760
2763
2765
2767
2772
2773
2774
2776
2779
2781
2791
2796
2797
2799
2800
2801
2802
2803
2805
2806
2807
2814
2815
2818
2825
2827
2828
2829
2831
2835
2836
2837
2838
2841
2845
2854
2855
2858
2859
2861
2862
2865
2866
2867
2871
2874
2884
2886
2890
2895
2897
2901
2903
2905
2908
2909
2912
2913
2915
2916
2919
2920
2923
2928
2930
2931
2933
2940
2942
2945
2946
2947
2949
2951
2953
2955
2956
2957
2958
2959
2963
2964
2965
2966
2967
2968
2969
2971
2973
2983
2989
3001
3004
3013
3025
3026
3028
3029
3030
3036
3041
3042
3049
3051
3056
3063
3064
3075
3079
3080
3086
3093
3097
3098
3102
3107
3110
3122
3125
3126
3130
3132
3134
3138
3143
3144
3145
3152
3154
3156
3168
3176
3185
3190
3194
3196
3197
3198
3199
3203
3204
3211
3213
3215
3216
3217
3218
3219
3225
3231
3234
3236
3239
3240
3242
3245
3246
3247
3248
3254
3256
3258
3259
3262
3264
3267
3270
3279
3287
3288
3291
3292
3295
3299
3301
3302
3310
3313
3314
3315
3316
3319
3320
3322
3323
3327
3329
3332
3340
3341
3344
3345
3346
3352
3353
3359
3360
3361
3362
3365
3367
3369
3370
3372
3373
3378
3381
3383
3386
3396
3398
3401
3403
3404
3408
3411
3424
3432
3433
3436
3439
3441
3445
3446
3449
3453
3454
3457
3459
3460
3461
3470
3478
3482
3485
3493
3496
3504
3506
3507
3511
3513
3518
3523
3528
3530
3535
3539
3547
3549
3551
3563
3564
3566
3567
3582
3594
3597
3601
3603
3604
3609
3615
3617
3621
3625
3627
3630
3639
3641
3646
3651
3657
3658
3663
3667
3671
3673
3679
3683
3684
3685
3686
3690
3692
3693
3697
3703
3708
3709
3713
3717
3718
3727
3728
3730
3732
3733
3735
3737
3740
3756
3757
3762
3764
3766
3769
3776
3778
3779
3784
3786
3787
3788
3793
3795
3796
3797
3800
3805
3808
3809
3813
3816
3826
3827
3828
3831
3833
3834
3842
3844
3848
3849
3850
3851
3853
3855
3859
3860
3861
3863
3865
3872
3873
3880
3894
3898
3899
3900
3903
3906
3914
3915
3930
3931
3932
3935
3938
3940
3952
3956
3957
3961
3963
3964
3967
3968
3969
3972
3976
3986
3990
3991
4002
4006
4007
4008
4009
4010
4014
4020
4021
4022
4024
4026
4031
4032
4034
4039
4041
4044
4045
4046
4049
4054
4058
4068
4074
4081
4082
4097
4106
4112
4116
4117
4122
4124
4134
4136
4150
4153
4155
4160
4162
4165
4167
4168
4171
4175
4176
4179
4186
4189
4191
4192
4193
4194
4197
4202
4203
4213
4214
4216
4217
4221
4222
4225
4237
4240
4241
4246
4249
4252
4257
4265
4266
4271
4285
4286
4289
4290
4291
4294
4300
4301
4306
4313
4317
4318
4326
4327
4329
4333
4335
4338
4347
4356
4363
4367
4376
4377
4378
4380
4382
4383
4384
4385
4386
4387
4395
4399
4400
4404
4405
4407
4409
4411
4412
4416
4417
4418
4419
4422
4425
4428
4430
4432
4438
4439
4445
4450
4458
4462
4463
4467
4470
4473
4481
4482
4485
4489
4498
4504
4505
4513
4519
4520
4524
4529
4531
4533
4538
4541
4545
4546
4551
4552
4553
4554
4555
4556
4557
4558
4561
4566
4569
4572
4573
4577
4578
4580
4581
4586
4595
4596
4598
4602
4608
4611
4612
4613
4620
4621
4622
4623
4628
4632
4633
4640
4641
4645
4649
4652
4653
4654
4655
4656
4657
4661
4665
4666
4668
4670
4671
4673
4676
4679
4681
4682
4683
4692
4693
4696
4700
4701
4702
4704
4705
4707
4708
4709
4710
4713
4714
4717
4723
4726
4727
4728
4730
4731
4732
4733
4734
4735
4737
4738
4740
4741
4742
4744
4745
4749
4750
4752
4758
4760
4763
4767
4768
4772
4777
4778
4780
4789
4790
4791
4799
4800
4801
4805
4806
4807
4810
4811
4813
4817
4820
4822
4824
4825
4828
4840
4846
4850
4860
4861
4863
4864
4865
4866
4870
4871
4873
4875
4876
4877
4878
4881
4890
4893
4894
4898
4908
4910
4912
4915
4916
4919
4920
4921
4922
4924
4925
4927
4929
4935
4940
4943
4946
4951
4955
4956
4959
4960
4962
4970
4976
4977
4980
4987
4990
4992
4995
4996
4999
5002
5003
5007
5008
5009
5013
5016
5017
5019
5021
5024
5026
1423
1660
170
2084
2323
2633
274
3
3014
3058
3388
3429
3584
3716
3836
3840
3929
