5608
2371
6259
6059
2513
4370
5588
5998
6177
2074
5023
182
2612
3450
5775
5987
3211
4878
1983
216
963
6238
4360
5943
4591
5785
2296
3857
2608
5883
3663
3010
3766
5705
3883
526
5284
4587
4567
5283
1608
1718
5062
1751
4158
3840
2280
5293
3009
4192
4694
1771
758
4249
3615
4379
1993
944
1020
3270
1747
4799
4314
6237
4785
1625
5357
1619
2437
5764
1695
3584
2957
4925
2195
2336
5973
4716
5843
4132
3434
5111
4434
1643
3308
5020
4079
5031
1465
6378
5706
1346
2022
1192
5058
5399
4135
2036
2004
5671
2607
5022
5755
1473
3360
6201
5944
1581
5856
4352
3825
4212
3549
4770
5066
3279
5269
4205
527
5810
5307
3002
3955
5013
4572
4534
1248
5830
4121
4883
1827
951
2353
2750
2381
4870
2522
2232
4679
5535
5814
5844
4551
6050
1189
1125
4685
5748
1066
1824
6124
1880
4871
2172
5352
4233
3817
3206
2419
4566
3314
967
1979
1201
2023
473
1942
1696
2766
1577
3031
1544
1737
2787
4341
5356
4276
6180
1999
3672
2076
1365
4699
5725
4269
3784
5328
4833
5754
5082
4848
2649
5129
5602
2373
4099
1815
4559
1746
4862
1727
5291
2279
1477
5676
4939
3045
5560
2338
4004
2327
1908
3688
6121
2710
4682
5394
1106
4804
1933
4048
2421
3736
322
5402
1490
961
5208
249
4693
3548
4768
2334
5202
4714
6359
3197
6311
2544
3690
4552
5306
5805
2107
5757
4844
1076
3282
2308
2491
5377
2099
4783
2118
4837
1985
1159
810
564
4324
4156
1819
1388
1742
1381
1948
652
2599
2048
5774
3695
5768
2297
2977
4220
1998
2901
685
1730
2576
2362
1274
1641
6182
1349
4372
3568
5253
4295
4868
4380
1557
2600
489
427
4625
3285
5857
5417
5749
2070
4170
4698
857
5182
5938
1724
3729
5662
897
6092
5582
4256
3044
5101
5882
3402
4476
4595
763
3204
5294
782
2571
3
1195
4479
4659
4574
3711
700
4112
4152
2771
2102
4091
5198
4141
3011
5561
3781
3487
1187
2162
6230
3764
3643
4394
2929
1385
5397
4155
2438
5376
6088
6167
5204
5257
5068
2168
6015
6250
2605
3614
2557
2117
5921
3506
4237
2508
