5451
4018
4056
710
205
2760
5405
2014
4469
45
1486
4137
5608
515
1210
1673
6290
6145
1554
574
2935
5961
4408
2703
977
4621
2741
4464
2371
1262
4386
4919
3180
4290
6259
4669
3723
1690
5181
6336
2240
3556
5853
4150
1446
5524
2335
3014
5487
2728
4072
858
5950
3813
3675
6059
1441
2991
5030
98
2513
1965
6218
1856
4097
4370
5588
4651
3745
5915
4936
1699
3540
4330
5392
619
2175
3379
507
2916
2056
4965
113
34
3419
3753
563
5028
6030
381
1182
5875
5926
2594
874
455
2400
5192
6245
2243
4598
4280
2739
4813
1383
624
4211
67
388
4857
5998
5262
5625
2521
4543
5709
5065
974
6207
4143
4524
5788
3728
2206
2829
6321
3652
310
169
1362
5389
4712
444
817
4948
1401
120
1666
193
6177
3453
5484
1606
2701
5137
713
3609
5527
2346
302
2820
1474
1691
4885
2779
5200
1394
4802
4371
4959
153
1820
3760
1389
6363
3846
1928
4810
6086
3292
3037
5277
844
335
5368
6156
2003
885
4550
5315
735
664
6071
93
158
6202
3990
3535
4103
1267
3025
1406
6315
5614
458
5199
4705
6244
1582
4738
5231
1950
4639
5577
4358
2074
3551
2905
142
5023
4195
2807
3952
4497
4171
2586
2502
3160
3734
1452
997
3539
5995
3475
2714
182
1792
5767
5647
5831
4136
5116
147
5288
5727
3903
3251
4347
4717
5555
686
616
5674
3047
589
2095
5296
6076
544
3984
6309
436
1424
6337
4119
5416
2612
5864
4300
2846
2894
862
5039
2673
2020
3520
1614
2575
5465
1227
2818
3019
4538
6011
836
5459
5234
4475
2420
3191
6385
1654
4159
6224
5385
2886
5716
2425
4908
2357
4632
3464
3824
3899
697
2623
5693
2329
2263
6064
5115
3304
3890
777
2968
5160
6326
4108
4438
12
3835
1464
3094
1101
2169
4252
4148
4643
6356
223
3450
2221
2875
5326
5375
3396
3281
3771
2142
1547
5775
5932
541
1736
66
822
2254
4954
1278
1587
5987
4961
4976
5242
5084
2287
3211
4846
5024
4486
1193
4392
2411
5095
4878
6256
2097
1569
3567
6004
4126
4535
1983
216
5158
6123
2034
4903
4007
1516
89
4727
5516
51
4307
3266
3941
963
6238
5792
3641
4926
2835
6065
4061
4360
4943
4896
4397
768
4094
5943
1677
2684
1766
4591
5335
1463
4080
1831
3200
4311
3717
2647
5785
925
3686
5592
2296
4052
4914
3857
1903
1744
5046
2608
1238
608
124
2418
84
2071
2864
2946
2680
833
5476
6278
3008
3531
3793
638
1123
8
3083
5223
5796
4695
5886
6374
1893
2375
2190
6294
4230
3225
3472
4744
5604
4322
5104
6213
2961
689
2060
5396
400
3888
73
1852
3589
1390
1593
941
5883
4774
3106
2619
2633
3240
3663
2550
1755
2217
3010
1412
411
1662
2431
3222
3171
2291
1971
4981
2382
4419
620
2523
4829
1035
1507
3739
1531
6022
307
3701
981
5513
3712
1339
678
3058
501
4334
5443
519
5034
5965
5347
3159
4420
2950
6379
5266
276
1617
1086
1430
4020
4401
3930
2164
1224
1161
3599
164
4853
5252
1813
3230
3021
170
1108
4571
5737
3326
5651
5003
4505
5017
3766
3962
5220
2223
425
4969
2559
3199
2460
813
3408
3069
5705
1978
5532
4628
1351
78
5808
3546
6054
1961
1172
881
4608
4206
2597
2634
4777
3442
3119
5273
3908
1538
4701
3883
526
5905
1939
5350
5133
4950
5438
1249
2651
2824
6033
2407
3172
6248
5984
2499
1435
794
1954
649
6325
5544
3802
1475
2667
6042
5820
1558
5663
5304
4516
1628
675
1598
4241
993
447
1796
2561
2186
4161
952
1763
3798
4561
3654
2442
2137
3639
461
5599
2067
2976
5781
1997
3674
5284
2625
324
1147
5581
2183
3214
3183
5462
4587
5976
4013
1496
5670
6134
1610
6227
5087
6199
6108
1198
3449
1709
2890
2234
6060
5685
5336
3461
3524
1723
2723
1420
2091
1842
332
175
3782
19
2842
313
1781
4842
918
1289
3876
5381
1906
3315
6097
724
2082
5799
3513
5041
3003
362
4567
5636
2763
1216
6347
4755
5803
3995
3755
265
1986
2644
4217
5147
1917
5502
3284
5449
1208
5490
5283
806
5188
2712
1329
3578
4766
4619
2662
100
732
23
847
3330
1936
3894
2429
3697
433
4831
1518
2801
1859
5771
2752
5361
62
552
321
2696
2636
5245
5890
5408
2656
3868
4741
2534
5076
2210
6267
1684
2030
6127
5091
5639
6000
2126
1608
2265
3143
4412
5010
1235
1565
6283
580
5371
2201
929
6048
1340
1529
3340
5008
6119
537
6188
4758
2831
4175
5427
135
3973
3262
6302
896
3300
128
5753
4588
2734
5600
1571
2925
4
1718
5042
1250
5872
2307
2494
5308
5062
5969
2475
869
2691
121
3374
3774
343
2674
5239
404
523
4288
5353
5165
3077
829
4508
5100
88
1328
1751
598
3004
1131
421
702
450
1003
4640
1632
4158
5360
1001
2101
4326
1897
77
5105
3886
4448
415
40
770
3669
3647
6038
1535
2652
4951
2965
3411
1261
5472
5038
534
1817
3840
3626
2132
3207
1171
3575
2813
1700
3165
4921
955
1621
1890
5543
2507
1975
2013
6392
985
2853
5130
5760
593
6043
674
3054
2280
1290
3244
3580
1213
2386
1740
5570
4911
5320
1946
318
5293
3636
4245
3517
378
798
1989
1165
418
2736
2954
5701
2583
1082
373
3009
5098
3182
1520
2121
5824
3692
5431
4029
6098
4285
110
4192
1299
1889
4694
2213
4111
762
2792
2527
1771
1042
5640
1006
1711
6116
5256
469
4624
3889
2318
758
3076
3234
3154
2041
4024
1104
2657
3273
2227
2002
3664
2464
3065
4249
4329
4431
4151
990
1896
3115
721
2994
2553
1219
1221
5655
3430
5813
3382
783
5909
1259
1758
3573
6313
3311
2914
5980
5323
4546
1661
1920
5580
2511
3195
2868
5540
3615
2663
1760
1176
1431
4986
4980
5966
604
4510
1786
284
4298
3218
4578
1060
4614
4179
4881
4379
4565
2109
1874
4807
1115
5372
4046
3132
1317
3754
6053
6343
3097
1160
3658
3187
2549
504
3422
6357
4583
4863
1993
475
931
2987
3405
3368
295
944
914
1194
2518
3670
716
1020
2486
320
5585
3299
4658
1968
2797
1202
3137
2063
1012
3591
2981
5241
4368
4599
4818
3503
5562
1902
743
1078
5272
1560
1733
4603
4064
5681
5207
1080
681
3270
2685
5346
717
1205
1031
1863
481
2970
3059
3192
2202
3999
5521
5846
3486
1409
1453
4575
1502
4238
4519
2238
15
5332
3878
2767
2932
549
4051
269
920
2646
1982
1027
2972
1154
1120
1527
486
3438
3319
1797
1773
1232
4075
11
5894
4940
3562
104
3032
2756
3759
5312
1134
3086
1485
1672
1747
892
5904
3509
4799
6007
4314
2397
5143
3353
1272
851
5955
3926
4932
2538
4900
6190
2706
5014
1913
396
90
556
1284
1091
9
4835
6237
5168
141
4785
5506
1513
3860
1492
2725
3528
139
1071
1943
2893
1126
1688
2572
3600
4423
3238
2921
5122
3681
4788
3357
1639
2083
1707
181
2153
3148
802
3706
1812
4673
6016
3808
1312
1295
3463
132
2786
6370
2453
4752
1647
2857
5495
5574
2197
2018
2447
4317
3126
4342
4404
1625
3497
4459
3897
4382
5357
2695
1619
6172
3048
3948
870
746
6029
3829
751
5364
4460
3631
2147
4665
1112
1254
6332
201
6082
3679
5958
2437
5073
706
44
1694
2116
1991
4684
825
2601
5528
1397
1470
4915
5764
2747
3121
5578
5818
2590
3203
1695
3763
236
959
385
4763
5879
1294
4821
5109
5922
2775
3963
5420
578
1980
2363
2367
3622
1729
2378
1273
2052
1769
5455
2730
2471
33
3584
2957
1334
6183
4357
4035
117
3288
6166
5589
904
3161
4925
6103
4904
5049
273
2564
4557
908
1118
567
1524
4162
2603
6087
4734
3427
2302
3586
4122
6094
2404
3776
2195
650
6075
2274
2158
4676
497
197
5911
966
3445
2336
5973
492
2962
2998
3277
4600
4889
5212
4147
4716
3111
346
4375
1636
670
613
4997
6112
5629
2045
3150
280
2330
1323
6249
1931
5319
5927
5510
5358
3467
4993
1442
840
2745
1885
5777
4086
3696
2770
6367
1924
2086
919
1093
739
936
1373
1505
1805
2285
5843
2276
3400
787
287
5618
2007
2542
5369
3456
4554
668
3959
454
3416
1053
3900
3385
5829
5027
5697
2709
5916
3249
4263
4214
4937
2426
2352
3564
1183
5991
1283
3871
627
3611
1878
3915
2983
466
4832
4132
5591
2758
4521
351
585
3595
2143
5551
692
3176
540
407
3295
2024
5835
3043
2909
5723
4169
3255
2482
4442
4306
3604
4654
2252
1143
291
2389
948
3818
1301
4353
866
1683
4471
4726
2028
5712
3787
1789
4187
262
5228
2749
4532
2898
1658
2313
3937
470
1129
298
1150
3015
3434
1867
2769
186
6220
4223
4647
1576
1777
4452
1957
2500
4115
769
5342
2325
4068
5111
6018
1243
2140
4277
3363
2879
5170
5731
4434
1643
5217
4611
6194
2298
3308
4364
2903
2781
5020
227
2039
4706
5461
4891
5947
1257
250
3476
399
1481
3685
3796
773
2072
4227
2415
5832
3026
1468
5301
1543
5080
6352
5850
4079
4104
6381
5379
6233
2469
4874
4723
2531
4662
392
4198
5539
855
6027
3229
6305
5498
2341
5051
588
4958
22
5154
2943
5565
5742
3348
5861
2717
3785
5126
56
2092
5031
2458
5900
1246
2209
2614
5936
3642
4393
329
4867
6161
2979
727
6274
988
55
5127
4303
3036
2105
2078
4947
212
1722
5596
512
4090
5380
4796
1762
1603
602
3337
4824
5261
4381
1465
6208
6378
5706
5997
393
1089
3836
163
5649
4421
1346
4142
3931
5891
2222
2022
26
224
5325
4922
1057
3399
6320
5374
4109
4861
2604
821
2455
1156
4537
1534
5933
3454
1017
1935
2899
1192
5970
303
4149
4251
5146
6327
1849
5410
4888
5090
1298
6001
5314
4415
134
4674
5058
884
1039
4549
3175
5399
843
3384
2615
3942
244
3909
5077
4135
4008
5793
962
50
3880
895
3803
5786
1748
3201
6187
2683
2036
2004
4240
3716
1407
1268
3974
3261
5613
5334
4102
4174
5491
5664
4989
5638
2830
6107
679
4501
3135
460
3459
1555
5671
5733
3794
1501
123
2679
2267
2607
3049
2230
4463
2374
2191
390
750
1759
6212
3947
4200
639
617
5646
4254
4929
3555
5508
3904
5022
3046
1142
3013
5415
2514
1960
1479
3623
5934
3660
2992
2551
6058
5884
4771
6083
4188
2672
2055
3120
4110
3499
2630
1226
174
5464
2241
4781
1663
410
1181
361
382
1801
3783
3465
429
2328
6223
4474
6090
5755
37
4512
4689
5717
2273
5444
4331
5804
1624
907
4082
68
5114
6069
242
623
5923
3577
4858
2584
6130
1384
2885
5384
1215
3772
166
4523
1223
2205
61
1776
776
2345
3303
107
4973
3911
1667
491
928
1588
765
5136
356
2938
1548
6113
1916
3371
5807
2637
5912
5201
646
1287
4847
1395
1473
3608
5624
4872
2573
2278
3146
1823
6360
5486
217
5419
336
1427
3360
5519
736
4990
6282
2134
328
4787
4183
5595
2927
6201
4312
1462
3024
3035
939
13
5944
3320
6118
1581
657
3038
1646
3534
4432
5576
6073
4059
3678
5404
5992
2856
2189
1996
4266
2975
509
46
206
4496
4178
255
728
1487
4138
2015
3377
2483
1953
325
1834
877
5856
516
6293
1498
2493
3953
595
4407
5728
1447
2320
5766
4800
4194
1674
5552
4352
859
6335
5556
3592
3814
5174
949
5395
296
6198
3966
3063
5682
865
2845
3825
3862
6219
1425
4791
99
6338
437
4212
2618
1068
3746
5635
4966
1458
177
4933
3549
2025
3490
4652
4770
3100
3588
837
606
4828
6023
1153
3597
2629
1028
4754
3920
2385
6346
6355
2461
5185
5066
973
3279
538
5269
6319
714
441
816
3512
5161
3276
2159
4216
24
5702
848
3331
5251
1657
2578
5483
3869
2167
2226
1726
2339
253
1798
4374
1279
3985
3494
805
4724
4504
5094
5244
1350
5533
3988
4205
2119
4670
1932
1787
1566
1808
6005
527
2450
209
3239
6141
888
5810
1888
3265
5889
5660
1715
1436
2145
4363
3839
459
6239
3213
3807
6324
661
1145
4638
4093
1838
5919
4735
4297
1175
155
4757
899
2127
4899
3483
3653
1476
4892
94
3566
4594
1237
3393
5426
5675
5573
2690
448
3671
5598
1132
2503
1877
5307
4681
609
5310
2066
1559
5841
1148
1791
2880
5475
83
6318
3186
3830
4019
5750
5069
6152
5584
917
3724
5797
3488
6254
4586
2370
1265
2284
2589
2986
1495
6307
970
2517
3131
414
3790
5523
5297
2161
1391
5587
3124
4030
1845
5744
4270
3619
3448
5563
3929
35
2819
2090
314
1964
2895
3072
5337
903
233
2595
3342
635
2182
4814
2540
5878
4493
6265
306
2506
3474
754
16
5692
1121
2910
2859
725
3873
4635
2641
4281
3500
2150
5798
3002
4597
5033
3057
772
5448
1523
5493
3955
5388
4746
4618
3437
3068
3164
4627
1209
4646
3682
3020
379
4540
4199
2661
2468
1380
4418
5736
2044
5652
6276
731
5407
3325
5013
4572
2011
192
495
2802
2815
6236
1107
2216
2697
4485
3153
5956
1828
79
398
3212
5002
426
5501
3409
4803
1164
1519
279
3765
4534
5908
6389
1248
4607
3443
3761
5862
1599
2211
5157
5437
5541
553
5132
5830
2477
5422
4657
5981
1685
4012
761
5901
3477
1137
4060
784
5630
5821
341
3977
152
4515
3693
6243
3858
6047
5230
2668
5453
4121
3420
5009
3689
1186
3142
5967
3851
781
5303
2108
5450
1067
2808
4883
583
4389
3250
2626
1827
3810
2761
832
2138
6342
951
6012
2353
5782
4164
231
2029
4071
1079
1780
367
3749
2936
599
1704
5627
6228
3082
5
4291
2750
2200
873
2848
5679
1178
5605
3918
2497
1512
4743
545
2069
5088
5222
4443
3373
4323
4482
992
350
1592
1197
1635
1421
3523
6308
3545
4098
5761
2479
861
5686
480
2364
2841
5867
3821
940
3702
1816
3105
5512
2381
103
3223
2110
2178
2148
4870
112
2249
72
1167
1508
2472
3738
1036
2171
1276
5233
2392
1866
4962
2356
3362
268
3996
5321
548
980
4124
387
5331
2522
6035
3713
500
10
2232
1910
3635
2878
1404
2953
2762
1794
3392
4679
5313
2414
2120
4313
3570
5265
2194
1653
3352
3087
5348
1484
4731
5432
801
3444
1256
850
3272
5833
2780
3233
2902
5255
5050
5851
4378
812
5189
6176
274
1041
4601
330
2488
5535
2993
2556
1884
3116
5240
2823
4429
3527
3235
5814
2942
3294
2331
1804
2913
1378
3982
4509
199
4031
3843
1783
6366
5363
900
4083
3705
3616
2669
4825
5844
2545
6162
2548
665
4551
2306
634
4634
3341
4367
159
4045
1114
5696
4589
2733
2982
5941
3217
4490
5500
4882
1451
3657
2295
6050
1189
4180
5045
2863
2694
631
1432
4582
2408
4309
1046
1245
59
3224
2908
353
3404
522
932
1293
4458
144
87
3933
5103
1689
1125
4685
2115
913
1846
5209
3720
2798
703
6258
4577
2722
1613
6104
742
1074
6382
1077
4209
4369
2591
4604
2919
3885
3504
1841
4720
2368
3841
550
5471
3806
5037
4952
1081
718
6142
6251
5522
5583
5206
5748
4593
4239
3168
2403
5191
6135
3971
890
1034
3351
4410
4769
2686
4399
3053
237
263
3877
5847
4912
4034
3516
2645
3944
1066
6195
5546
1367
4339
4388
5083
5403
2396
1271
256
2620
2711
5963
340
4623
5825
1824
4165
2567
317
5505
1136
6124
5641
6232
3769
2245
4228
4836
2791
3925
1092
2751
3329
3919
4023
3064
2776
196
5177
5167
2212
1103
4481
3157
5150
5497
2317
375
2001
5772
3601
1052
6247
720
4328
3381
5839
6266
5153
4668
1880
1609
4871
2650
3645
5121
6314
4302
2664
4273
1318
48
6153
2172
2391
5899
3854
4125
281
3993
6303
601
4747
3896
4385
5494
3254
3246
2947
1063
4615
6277
2804
3960
4851
3731
5287
3127
5975
5184
3914
5601
2422
403
1170
4692
1023
996
4287
5352
5836
2744
2433
3078
4168
4760
4233
476
422
3646
572
21
116
3817
5345
4157
1415
3865
484
2312
3206
5986
4576
1260
2131
5072
5952
533
4447
1855
498
6184
2360
1204
1419
6165
3366
1958
956
2419
984
4345
6270
4069
4566
76
5106
5280
3287
6158
3314
5454
5142
909
2826
419
1480
4076
854
5218
4244
3891
2969
228
5329
3975
372
6255
3832
4284
6095
4294
1400
3727
2379
4105
1361
2678
1530
1085
2444
2874
967
1307
1045
4114
2997
1469
2707
6304
3395
1979
5054
1013
270
5787
347
5378
5211
4146
4782
5895
4955
2342
4255
2892
4817
138
3847
4545
6034
5538
4776
4154
5324
5658
5367
4426
3073
5937
989
3630
54
2834
1660
5128
3415
3268
511
2156
4630
5979
4866
559
4985
4806
2922
3149
2008
3388
4087
5196
6371
4702
5617
2047
2104
530
4894
5549
1158
2642
4562
4944
5145
2562
1345
2077
3336
5026
1969
6131
4131
6146
628
188
3511
5568
1282
3612
978
747
6262
1002
2867
592
6173
1201
4780
1921
3179
3605
3496
2023
473
408
2675
4641
3042
43
2251
707
3005
1070
1942
3347
5930
148
3559
127
5828
5359
5318
1696
4996
5817
3228
1030
5480
5713
1302
4325
5195
3668
4453
4470
4414
3627
2012
1440
3936
4709
5880
2766
4184
3433
3016
3508
680
3485
5790
1212
3369
5061
5800
1620
5440
339
5460
6240
2324
5110
889
5759
2958
4765
1577
487
6100
5029
3283
5669
3318
5292
6072
2949
4042
508
4854
561
2537
2256
4556
1772
2755
729
5099
3031
4977
5948
5526
653
4437
1947
65
4191
1411
4713
1544
4972
2289
5628
3969
1497
2098
6191
4877
3426
2580
910
2658
792
2700
1737
3110
3307
4663
2653
6129
3027
3080
3060
1110
612
5173
2530
4690
5048
3863
5276
1096
71
4127
1491
5018
5509
4994
2837
2689
6157
5511
4839
1457
642
6286
4396
5125
57
1169
4860
5515
935
5776
5566
3431
6120
3196
1372
2087
3358
2631
4983
6310
4002
605
3870
6273
924
2033
213
3455
2787
2718
4793
3093
1056
3958
285
3922
4262
1830
3425
292
4341
2924
108
4055
3538
5164
505
3828
5356
6297
3098
259
1313
1678
3735
4336
945
2436
5117
202
3298
691
1234
2740
5873
248
6331
3257
5960
5724
5959
1443
1251
6377
3466
4918
1324
2019
4403
2466
826
5579
3138
4065
3202
4356
4301
2964
2058
5557
4843
921
1356
3964
2526
5302
5421
3742
479
1732
1835
3581
4116
4276
5341
1891
2889
5180
6180
2812
364
6061
4222
6393
4527
4798
2852
1024
32
5229
3758
4907
1335
1240
185
2262
3243
5822
1454
3091
6388
5279
2809
4895
1999
3672
2188
2563
3656
5993
1269
6078
3134
4265
946
4173
3090
5672
2076
4440
1365
4699
5548
4585
3216
445
472
2484
1974
2135
5946
3185
2231
1331
5118
2026
5175
5765
5725
1671
3629
3099
2799
1325
4134
3309
2283
5553
4351
4548
3593
6229
297
1141
2849
5414
3062
4500
2840
1731
1574
5683
860
5929
1422
5411
4271
1303
4792
4066
80
5564
3501
6284
1229
3522
5743
1844
5467
2790
4269
1018
2870
2816
4450
2454
2896
5710
434
1069
219
2185
2310
6275
6017
428
1029
5113
1865
1152
4753
6091
3784
2174
3596
5689
6345
3001
1504
3874
6387
360
4040
1218
2978
6136
2708
5447
5162
2759
6299
3892
3956
5281
586
808
5328
1037
1873
5892
3773
2660
4833
5754
6235
3398
3576
775
3751
4660
845
834
106
1857
4974
1545
1750
234
820
2754
1058
3667
1919
5270
1570
6125
4749
5082
4848
3965
3849
4488
252
645
1286
4229
1585
5124
4671
2574
5678
5300
4729
1009
1981
3565
3145
6269
1810
2941
2748
137
2719
1128
1686
579
1901
1705
6351
2319
4005
2133
4822
5518
5078
1710
6006
4406
4898
431
1314
5594
4015
2858
5631
1768
923
2649
5425
510
5740
3339
1417
5012
2128
4260
5637
5129
4750
5492
898
1868
1354
4054
1488
568
2122
4340
676
5732
4016
2268
2445
3795
5602
82
2881
5434
876
636
1376
49
4742
2373
2192
596
1309
4320
2963
979
2726
5874
5225
2321
6
413
5537
5144
1552
5183
5366
6084
126
3725
4201
3554
1099
1448
5237
5559
6253
3372
5935
3227
3661
5032
2552
5885
4772
3056
4099
2111
4213
2836
987
4038
557
2054
3618
1895
1336
3587
957
1320
2242
1634
3220
1048
1541
4653
4033
383
1815
532
2473
3582
241
2911
36
6143
1168
968
2541
4815
3740
4827
5355
4963
2272
4559
386
6164
5107
3714
6216
3976
5445
4332
3343
4511
3833
906
2384
1746
3778
1343
4022
2585
4859
6373
1088
1
4422
2956
5623
788
5383
2021
1360
4182
5996
5043
2569
4862
815
2043
4999
3989
5005
4417
565
4507
2794
1157
4840
5529
1631
5642
490
5811
5806
5648
1879
5317
2996
1727
3370
4887
3650
3607
300
2777
5690
5971
3290
2617
6175
2435
6056
5653
348
5291
1807
6039
938
4873
3967
2088
3762
3440
1371
2279
737
3109
4838
883
1862
5138
3174
5398
1887
337
3383
39
3414
1659
5436
3881
6361
3051
2005
3800
5250
4988
3831
785
1477
1626
6242
4433
4499
656
2504
1437
3978
4120
5248
5665
2424
286
3838
289
5089
6074
140
4044
3533
4612
2985
5676
1117
1146
3552
1179
4884
2080
2065
2539
582
2258
2440
954
5429
2247
1310
2354
5721
4939
3403
1499
5298
5626
878
6132
6151
409
2639
759
2814
4656
5645
4901
3045
3130
1876
4444
6106
912
3602
991
1840
5021
5620
5507
5634
5457
1196
5560
1203
2338
2844
1426
5739
2355
5687
864
3905
5338
6383
2236
5155
5858
6288
5866
1459
1578
4530
2577
173
1648
1721
1988
5344
6264
3101
3473
1761
17
5691
180
4688
2765
4004
1122
3997
745
4454
799
2327
3361
5236
1908
4477
267
695
5226
5330
3780
2884
771
1466
5172
394
3088
290
3683
6358
221
2467
2783
5877
25
3332
4645
6281
3699
3302
2413
3747
60
3912
943
397
5957
1829
5504
3986
6328
3866
4250
5247
4725
5406
4478
5166
5863
5418
5006
3688
3321
4928
2788
3820
658
3410
5156
3390
4092
2451
554
6306
5423
4533
4529
1563
208
2945
4128
1461
6186
2144
698
4362
4809
14
2124
5869
2682
6121
2710
1716
133
3260
1749
3719
3034
6395
5918
4941
3421
3482
3855
6067
6169
4893
1185
3141
1645
3470
3852
47
5149
5572
4467
3518
1133
3677
4682
823
5311
647
6317
5855
2606
5071
4292
2900
4058
2743
4139
2492
5840
5751
2732
6147
856
6334
2349
1675
3012
521
5060
536
391
6376
4466
4257
1264
122
6028
2937
6292
3489
872
5489
704
4761
687
2160
230
3791
5394
5606
5102
1912
3544
5913
4934
983
3123
2869
5762
309
2365
2509
3703
1757
2515
5939
5056
1106
902
2380
3104
111
5478
2177
2062
102
2478
2051
1664
2773
2596
2628
31
1923
5615
2402
5194
1275
3071
753
1602
4492
5322
1642
96
69
4282
2737
622
4596
503
1623
4680
5067
3067
162
1693
4626
5387
3634
5468
2462
5268
463
6323
3163
4923
442
2952
5214
3275
2344
344
4710
5349
4522
5482
1439
1604
278
1472
764
2166
191
494
1992
5151
2225
2010
701
4804
4373
3493
3113
4190
5178
5530
1933
5907
1444
3844
5059
456
934
5542
151
2772
6154
5888
6140
887
819
245
842
6080
5982
5661
5140
3923
2931
2009
662
2971
5612
3694
1174
6365
4736
4518
3039
95
1682
1408
4637
2301
5968
1765
950
5695
3247
3253
5025
1149
4048
1062
4805
1872
4945
625
1109
5286
4167
1450
2421
3736
2294
1438
190
3301
3537
4616
5974
2989
5801
6051
4719
6298
995
1922
5503
1022
3407
2588
322
4308
2528
2721
405
1511
3917
1207
58
368
145
4629
644
3041
2432
4400
3346
477
1304
315
916
5278
4480
1941
2311
6268
4185
4721
1909
5953
4830
3928
1612
3939
4649
2204
184
2359
2350
2610
3484
2888
3436
1959
741
483
3365
4473
3757
6226
1562
3822
4906
2323
264
795
5159
4279
3515
1455
4613
1911
5141
1652
4268
4219
5186
4106
257
3730
3084
2395
6079
439
2417
1779
1825
6196
2833
1934
5545
2536
1551
879
2873
5393
5985
4930
2246
2671
64
546
5834
4620
5402
3306
2654
4390
571
5289
225
1670
6354
2343
3028
5852
2533
730
5773
1738
853
5215
3644
3864
5534
3293
214
3236
5152
3264
1490
1244
3560
2237
53
1138
2103
2155
3092
1833
1679
3030
4869
4631
2784
961
5783
539
389
6046
3943
2891
694
4366
2305
1573
2825
6348
203
2199
2643
3006
3633
5924
867
4590
4462
5044
780
3895
525
3128
1580
5208
249
3258
4693
2149
2866
6330
4850
6170
42
2114
4686
2496
1567
827
6211
1392
528
4457
1847
3811
4779
4232
6105
683
3205
1697
3328
1449
75
3884
2592
1509
4917
1809
3108
5699
3620
1537
6185
6024
2525
3529
3548
1591
2369
2406
499
1836
2361
1977
6394
246
4708
4359
3167
517
3350
6036
4446
2300
3286
4768
1927
2855
2959
115
6096
560
2487
3429
3317
2566
2827
6200
3638
2000
5826
5964
5264
2193
5258
4541
3571
5720
3478
4678
5747
1368
4732
1410
5735
4348
2215
1668
5210
3271
2334
195
2348
972
5055
2960
3152
3768
5703
467
6110
2282
6085
1822
6209
1163
4377
4602
3447
4691
5202
275
376
4714
1040
4991
6384
5275
723
4208
6359
1051
156
308
2632
5019
4816
2555
6369
2332
3981
3469
1926
6287
2838
3197
6311
1540
2476
3117
1379
1047
760
3432
452
3023
3902
4703
2271
5719
4272
2544
3690
4319
5845
5746
2693
1526
4258
3992
756
666
2665
5616
1839
4552
4088
3335
5306
4514
293
4261
2428
880
5942
109
3954
4491
4177
5805
4563
6013
1790
3424
2480
4011
2107
4984
189
2907
1315
4865
3613
2805
0
3732
4581
1995
1637
3095
2547
3750
1281
630
767
5757
4570
3297
149
3178
354
1970
809
1321
5479
690
1515
2465
4801
20
2250
3526
5769
1010
2795
326
2139
1200
1073
178
3945
4189
3139
1357
4355
4117
4849
6179
4844
2939
3970
357
3505
5837
4409
1735
4605
1076
3816
5205
4573
891
4236
430
260
3709
6062
6271
1418
4526
4797
2257
2648
2687
1033
365
4942
4221
311
3050
5758
6362
5714
4569
6159
4411
2974
5848
6341
1241
3017
488
1500
2208
1025
2261
6222
2934
5823
3313
1775
3282
1230
2233
6300
1589
2308
4077
27
4489
1065
2704
2491
6045
4041
5377
1483
4316
804
849
6009
4436
2621
5945
1656
4978
2877
5093
4876
1255
2099
3359
734
2457
1915
1270
3355
5902
4971
1014
3394
5989
4484
4902
4956
5400
4664
4225
5219
2847
4783
3061
5896
2118
1111
2220
4196
4837
4428
6231
3721
4425
2715
1358
3521
1297
4675
70
542
210
965
2579
6192
4395
4009
5514
1233
641
6002
1494
5016
5859
1905
1754
6372
894
6014
5978
2037
927
3189
4001
575
2394
514
1342
1985
2928
4305
5898
2032
4826
6163
4794
266
600
2570
5382
3569
3779
2568
5430
4384
2
4335
6257
1190
2520
1159
6215
810
1405
831
3492
2862
5163
1399
3376
1584
3827
591
1556
3510
5567
5794
4786
2409
3209
6174
3495
1963
5708
1292
564
402
2967
4667
2948
86
5870
1252
3558
5812
1851
4642
3079
2676
2059
712
5148
4775
2016
5931
3934
5267
3649
1005
3081
2439
3743
4324
1595
38
2918
3413
4037
5481
4156
5036
1819
6390
2558
4995
1326
6057
4811
1414
1388
4967
3805
1899
3842
1364
3624
4696
5881
4953
1211
1854
1742
5791
5920
3507
1938
4172
5470
2446
6181
3052
238
4344
672
5441
4764
1381
2851
4913
1416
3921
3242
6101
2811
1702
1332
1403
6350
371
2443
81
5525
5433
3853
6068
2123
1522
6168
4243
2163
4855
3710
6089
1743
4283
3269
5135
4027
4555
5668
1948
1084
1533
1222
652
611
4113
791
4145
2729
1900
6148
1044
1347
3232
2581
2659
1353
167
1429
423
5047
3932
2316
271
6260
976
2410
3156
3324
4026
6114
1615
2219
5001
304
1095
2180
4247
2822
2599
6246
1883
333
4153
1596
3074
6204
5815
1803
3741
5657
4544
1375
4812
1952
633
5779
1433
416
2048
3418
6040
789
5197
282
4982
1055
3458
3387
4495
1100
4000
4542
790
5569
778
3957
2347
1102
4739
5622
1386
1918
4021
4525
4711
4416
3708
587
2173
2713
6234
1949
3280
3770
3389
2753
1669
493
5774
2699
5004
3910
5654
2096
5988
4879
1517
6380
5643
5085
198
2800
2793
4975
1319
5809
2390
2089
277
5243
3606
4487
4845
4748
4391
1962
4609
3441
5413
3968
5906
3349
6122
2035
1370
1984
283
659
2399
4536
738
1681
3322
5011
3695
5435
937
338
5768
6155
3640
4728
922
1539
699
5632
6049
4398
3979
6066
5007
4498
3687
2423
5517
1832
3655
1644
3140
5593
2297
1904
5232
1951
3550
1330
5452
3676
2977
5340
4220
5603
5354
871
294
5994
998
4293
1998
5722
4938
2624
4057
2901
4405
6375
4321
4387
3252
5176
5119
5224
5554
5854
4073
5238
5558
5949
4346
2094
4231
685
474
1795
947
1489
1650
3471
4234
1618
2434
5865
5108
6217
3983
986
6285
482
4067
558
5412
2923
2112
2635
5914
1730
3241
958
4935
1633
4274
4096
1019
506
160
4964
1049
3221
2576
6010
2362
562
1274
6344
1377
2383
5343
969
531
3190
5097
3715
6021
1337
4039
6391
1038
4924
4439
1641
118
6182
1745
1601
2264
2358
187
807
395
6093
5688
5999
2951
5190
6206
4253
6322
846
2876
748
171
3698
4028
6296
1937
345
165
443
6178
1753
4886
235
2255
835
1228
3819
2412
5485
4078
1277
1728
814
1344
374
1692
708
1858
1349
4372
3848
5474
6003
4203
3666
2229
4006
1806
3568
2129
5677
5611
1008
1886
1706
4700
3267
4927
886
5977
5092
3801
5253
663
5547
4295
5075
4868
1767
4897
3338
4176
1355
4592
1627
3481
5917
4737
92
4380
5249
1528
4759
1266
2075
4160
677
462
5424
3935
1557
2600
4560
2587
4017
3215
446
1892
2906
6316
3557
5609
1239
594
4584
637
573
2882
6144
1967
3628
2519
2372
1263
5477
412
1713
4960
520
6133
6150
4622
4133
1568
125
1306
5951
5365
2388
3226
2253
705
3726
3378
5610
1966
1756
901
3502
1881
5466
1972
2724
5711
18
1708
4032
2057
2184
5650
4451
4633
1532
3752
6263
489
5327
621
3070
5925
2764
5876
5112
363
2593
2244
1217
3000
1784
1503
1629
5193
2152
427
261
696
3344
1575
655
4856
4337
3066
1225
1369
4625
5282
2326
3285
438
5469
2582
3651
4130
464
4979
101
5446
1162
3181
1956
4181
247
319
1870
3579
2050
1546
942
3913
258
1605
2670
3198
3210
5857
1105
5770
551
933
2860
5520
4968
194
5409
5120
5738
6055
2990
3112
2778
5123
1471
6193
1098
719
2031
4129
6126
4430
1861
154
5179
1127
615
570
2266
3144
3291
3541
4062
215
1687
838
5417
1236
4517
3924
5370
3856
1955
2248
581
648
1929
1945
2789
4053
6241
220
2498
3033
3532
5749
994
2187
2854
1764
4468
660
2441
5666
2070
3799
6279
183
30
4170
5962
3951
5463
3103
6349
2136
7
4528
597
2727
4698
857
1366
6333
5182
5053
535
5488
824
6025
3543
688
5607
2040
352
4745
143
1199
4449
97
863
5938
5684
1308
4650
3460
1724
3704
5633
331
2430
618
2176
1782
130
179
218
5458
1506
435
2290
4841
4756
114
1864
2260
3129
875
2081
3823
3169
502
6386
3245
982
2387
5235
3994
1288
4210
4100
2224
1087
3561
5893
3158
2165
4402
3452
2416
3397
2449
3333
5700
1814
818
3598
3893
222
432
4506
5362
1719
3867
1059
272
3729
3961
5221
4140
496
5928
1467
6329
251
5246
3845
882
4778
2940
1173
3118
478
2529
2613
3940
3907
457
359
5887
1630
3882
5351
4089
3391
1930
1811
5780
6139
3173
6081
2598
4413
6032
5139
207
793
1478
524
2681
2049
5940
5868
1717
288
6364
5662
2125
1188
6160
897
6189
4242
3718
3972
3263
4636
3553
4564
2560
3133
6109
5295
6077
6092
607
129
5644
1553
590
4880
5309
3673
5582
1116
3184
4730
29
1793
569
4043
3530
3792
1016
6128
5428
471
2259
4202
1875
1124
1894
4256
2376
2720
41
5536
6252
5673
4503
299
3044
5621
5101
911
3603
6171
4819
1579
5271
2871
3906
5882
4773
1940
3662
2235
2337
5339
1843
3402
3170
2061
5391
4910
4539
3380
1338
3875
4003
1987
2912
485
3089
744
3617
3193
1907
4476
5040
905
2401
2738
4084
3834
4687
6137
4455
240
4333
5442
5802
1622
3055
2292
1698
4595
384
3637
168
5499
2883
4905
3316
2565
4197
105
1166
1135
5667
3428
3585
6008
5827
6099
651
5903
4852
2398
1550
3950
4558
1770
3767
733
6197
5954
1542
763
4349
2535
3748
1739
3887
6115
2214
3155
555
3327
1285
2042
6026
6261
3204
5203
5294
468
2655
4970
547
5734
63
254
684
2716
1944
1072
3468
1925
211
782
4992
232
2571
722
2930
150
6312
3356
2702
3680
1094
6070
2084
5983
4789
3194
4310
3901
2666
3022
1460
1139
5718
2692
2785
4946
6339
755
603
1525
3462
5305
4513
4751
2270
1054
3536
1316
1061
5373
654
3898
3812
204
4259
4010
3
4166
2304
5070
3423
5871
3916
369
3125
2495
4864
4338
868
2474
2803
3375
3737
342
2742
953
1510
1195
1253
1021
2485
2966
1607
1327
2926
420
1322
1725
3590
323
1097
4479
4659
828
2554
4350
5763
3700
1720
2100
3107
4445
5680
1860
614
3136
2843
5057
74
1590
3542
6063
1818
4574
6291
3412
3547
839
5386
1456
518
243
3102
2810
3998
1778
1649
6037
1026
5333
4118
6272
3859
2627
3289
1155
2850
800
6117
5227
2203
3756
4107
5216
3711
4246
226
1231
4218
797
4267
5213
6044
4365
4296
1214
1651
5064
700
1015
4890
2904
5263
1083
366
893
2782
3231
2602
2405
4286
2073
305
1352
4070
5531
5390
2228
5052
2999
3085
2333
1043
4112
4144
3075
2281
757
5704
4722
4957
2705
971
852
2463
3987
3446
3274
4502
4740
91
4152
3786
5659
4790
1220
6368
3417
4085
3114
3572
4547
5656
3310
2944
5816
2771
2505
4987
3147
841
2154
453
2640
5745
2102
2920
1177
4672
1296
1434
2293
52
1785
5784
3809
4091
6138
4808
960
2609
5619
5198
3610
1871
2984
5752
3457
3519
4047
4101
5698
3451
2068
3949
85
3188
1184
3775
5063
5795
626
172
584
406
4520
2113
3177
715
2269
1850
3007
1848
5586
5299
2865
4141
3406
451
6210
930
1130
355
643
4248
1011
3011
3345
4456
1144
3040
3665
5561
316
1898
1611
1000
6225
6019
3938
2774
3781
6031
1007
3621
915
2516
4465
4820
3927
3574
3367
3850
4327
1032
3166
2731
2322
3435
740
2239
5131
4472
3487
5259
4767
1561
3514
1187
4648
5035
380
5571
796
5819
5730
4025
1064
4949
2207
566
2303
2162
4050
1090
6301
4163
1774
1521
440
4123
2757
4435
3691
2275
1826
3684
774
6230
5169
3305
6149
1914
2366
3479
6280
610
5910
3797
1665
4715
5729
4483
4931
999
449
5134
4193
5290
1616
3764
4834
2093
377
4235
1586
5439
424
4661
5171
4226
2218
5000
6111
3648
2046
3029
3323
3151
1428
1821
2181
1514
5860
334
2839
4275
5081
3643
5897
131
2746
1800
401
5015
2085
1247
1493
6203
640
5778
4394
1597
5274
4014
1374
2929
4304
726
786
926
2079
5597
1640
3219
3991
1050
4494
2393
1600
4795
1869
2170
229
6295
3733
5285
5496
1311
3632
4215
830
2427
1799
4343
4264
1385
3872
1191
5086
3707
5990
4383
2351
1994
3248
2806
3491
2698
4617
1676
1398
3826
465
5590
3594
5726
3096
5074
5550
2146
2130
3296
693
5397
1549
1990
766
200
327
2481
669
779
4655
3256
543
2179
4441
2638
4289
4916
2980
2017
2315
1423
2027
3744
1734
4354
3259
5838
1680
6289
3208
4762
4155
4568
4875
3815
2438
4531
1413
1206
2314
1363
1594
4697
2524
1837
1151
1741
1333
4224
2933
2622
1853
5456
6340
2470
3583
4063
2887
3312
1382
2490
4920
629
1242
1701
3364
2973
4278
4909
5376
349
370
1119
1402
2299
2955
4610
2309
6088
1258
671
6167
28
1348
4733
3777
2832
3354
1482
4707
5204
803
2196
3980
2532
6353
4315
1712
5972
5789
5257
2456
4427
2288
2489
3278
2828
5401
5068
4376
1703
2616
5187
301
4074
4784
5316
1305
3525
975
2340
5079
1445
4424
119
5096
3722
5741
1564
3861
1180
1359
2459
2995
1882
2821
2510
3237
2872
2286
1802
2915
5842
1280
576
3837
4361
1638
161
632
2157
2277
4081
4823
2168
6015
2038
3401
1341
513
4299
4049
6250
964
4553
2452
6041
2151
417
136
2006
157
667
6020
4704
5260
3386
4095
3659
2106
3334
5575
4318
4580
6205
2605
2198
6214
2735
2543
4579
1572
3498
2448
2546
3563
1583
2861
2988
749
2501
3614
4461
752
6052
709
2677
4718
811
4666
1973
5756
5707
2557
1291
1113
3789
711
529
2064
146
1140
2796
4683
4207
1004
2117
1752
2917
4036
3122
1387
1396
3946
1393
1300
4606
176
4998
5473
1788
2817
5921
3506
577
2768
358
2897
3788
4204
1075
1536
2512
3625
3804
2053
2611
1655
4677
2688
682
2377
3018
3480
673
239
1976
3879
312
5254
4644
5715
4186
1714
5849
6221
4237
3162
6102
5694
3439
2141
2508
