8856
4015
7997
8148
8252
5715
8136
4666
7211
3030
8845
8237
2457
8834
6773
5008
8550
8855
3203
5716
8189
8319
3428
5131
2568
8716
8811
6922
8854
5406
869
962
4066
8770
5684
8302
6691
6829
6258
7710
182
2686
8633
8416
4966
8553
8345
7680
4784
8853
8771
5685
7787
1127
7731
5502
6259
8632
6143
8846
810
930
1505
8840
4416
6245
2183
6666
7142
2922
2096
5397
7941
2417
6870
6830
7407
8859
6114
1062
5353
944
7658
8773
7737
8594
163
3959
1822
3805
4041
8800
8815
7175
5865
3914
6871
5325
2175
6668
8785
6293
6140
2440
7684
4943
4025
6669
8446
8637
5366
1623
7076
8857
1054
2471
6196
2204
4881
3657
6016
8797
8842
7663
8763
53
5826
8035
2245
8710
8790
3738
8805
8652
8828
2177
984
75
8388
5806
489
7538
7951
3117
8352
7686
8065
2178
8819
8826
8229
5618
7060
6988
8765
8403
8860
8194
8385
2447
7694
2883
2247
8848
8818
2179
8542
2203
6192
3820
7452
5044
7970
2541
3306
1966
1590
8849
7688
7042
8541
818
7667
4035
2449
7679
8862
6146
1261
6375
6869
8809
7689
8256
3497
8579
8861
6670
1387
898
8133
1027
8664
7962
8808
8727
3496
8288
1327
8419
8525
4317
8524
6465
5390
5597
8052
5993
7691
4036
8215
8683
5670
4318
8287
2242
8823
7772
5704
8599
8010
8651
7646
4294
7401
3623
