7146
4015
7459
8148
5715
8136
4666
7211
8845
5008
7998
8550
3203
2450
3644
8689
8319
7156
3293
8630
119
4289
7334
3428
2568
8854
5406
869
4066
8677
8415
5503
2686
4966
8553
5326
8853
5407
903
1127
7731
4635
8299
8632
6143
5007
8552
810
947
6924
1858
1505
4416
6488
8787
7142
2922
7215
7941
2417
6830
7407
1062
5353
944
7658
8594
163
3959
3805
4041
3168
8815
7175
3914
8858
2175
8188
6668
8785
6293
2634
2440
7684
8597
4880
2567
1032
931
1083
1623
99
8857
1054
7683
2471
4881
6016
8062
8797
53
6420
8035
2245
3738
5482
8805
984
75
529
8388
489
8065
1592
8324
8826
7453
5618
8403
5824
7694
2883
2247
2179
7452
7970
3306
1590
8405
8849
7688
7042
818
7667
3498
8851
4547
5733
7679
8862
4496
1261
8256
3497
898
7086
1027
8727
3496
2318
1327
8419
4169
2310
7691
1798
8215
4642
3500
8287
2242
4047
8823
7772
2220
4294
7401
