619
507
34
563
624
388
193
153
664
93
616
436
12
223
541
519
526
649
675
332
19
433
552
321
128
4
343
88
318
378
373
469
504
681
15
11
141
181
201
44
273
280
291
262
250
399
392
22
512
393
224
303
244
50
679
460
123
361
242
61
107
13
657
46
99
437
24
209
155
414
192
79
279
553
341
231
599
5
500
274
199
631
522
87
550
237
263
317
196
48
403
116
76
372
138
511
559
408
127
487
561
65
57
213
108
248
185
252
137
676
6
126
383
532
241
1
348
656
286
289
173
267
221
25
658
554
133
47
647
536
391
309
31
278
190
58
477
184
214
539
683
560
376
308
109
189
630
20
575
266
600
2
86
672
652
167
423
282
283
659
294
160
118
663
677
637
621
655
438
570
648
660
30
7
143
331
222
207
590
569
41
299
384
168
555
468
150
603
654
3
420
453
406
355
380
440
377
401
229
629
349
576
161
358
682
673
