45
507
34
388
169
12
223
519
649
675
19
433
128
343
415
318
378
469
11
556
141
44
117
273
567
668
291
262
227
602
393
244
50
679
617
361
61
13
657
46
206
414
35
192
79
279
553
112
500
10
274
353
237
317
48
533
372
270
487
508
57
213
185
80
645
137
510
676
49
532
348
39
286
140
409
267
221
25
60
208
536
102
31
69
503
278
322
368
315
214
560
156
452
354
20
260
365
488
641
600
2
86
672
167
659
294
482
160
187
165
677
621
363
655
464
154
570
7
352
435
222
41
168
555
211
603
3
366
453
406
355
377
131
401
543
576
161
673
