18
12
9
23
19
20
30
1
33
37
25
48
49
57
50
35
62
64
63
67
77
85
91
96
97
92
99
93
107
111
115
122
125
126
132
120
135
138
145
149
150
152
133
158
156
155
157
165
168
159
170
178
179
184
182
175
189
188
193
202
206
208
191
218
215
212
223
235
244
260
262
269
268
264
266
267
278
286
297
299
311
313
317
320
318
332
331
347
342
348
351
344
338
355
353
358
367
369
375
379
384
383
396
386
388
401
407
408
415
418
426
430
433
436
444
446
454
455
457
459
467
471
465
472
479
484
482
473
504
508
501
516
521
517
518
529
530
537
539
533
541
543
540
549
554
562
563
560
572
578
590
594
592
595
600
610
614
613
628
633
629
644
642
648
649
645
655
653
669
664
666
674
680
679
682
689
696
699
707
711
740
755
758
762
773
774
779
784
782
793
791
803
806
812
808
816
824
829
836
837
838
840
858
864
862
861
866
887
891
915
923
942
950
956
955
959
969
970
977
973
981
987
996
1006
1005
1008
1007
1009
1012
1013
1015
1018
1023
1022
1024
1025
1030
1028
1032
1034
1040
1039
1041
1043
1044
1049
1048
1047
1052
1056
1058
1060
1062
1067
1066
1070
1072
1071
1069
1076
1073
1080
1077
1083
1087
1089
1090
1085
1088
1097
1096
1098
1099
1100
1104
1102
1103
1110
1105
1112
1116
1117
1118
1119
1125
1124
1129
1131
1130
1135
1134
1133
1136
1140
1143
1145
1150
1147
1149
1159
1162
1166
1160
1164
1170
1172
1167
1175
1177
1181
1182
1179
1184
1183
1190
1191
1189
1193
1199
1203
1204
1211
1202
1212
1213
1215
1218
1223
1224
1228
1232
1227
1234
1235
1237
1239
1240
1244
1238
1242
1243
1251
1245
1252
1250
1255
1254
1263
1265
1258
1264
1249
1267
1271
1276
1281
1279
1290
1289
1284
1286
1295
1303
1282
1299
1302
1308
1298
1312
1313
1311
1318
1316
1322
1326
1324
1328
1321
1331
1337
1334
1339
1347
1345
1352
1353
1360
1363
1364
1366
1367
1368
1365
1381
1384
1393
1394
1392
1398
1395
1401
1403
1418
1422
1417
1423
1427
1424
1425
1430
1435
1434
1433
1442
1440
1441
1449
1450
1448
1451
1459
1455
1457
1460
1462
1452
1465
1469
1467
1472
1473
1475
1476
1480
1481
1483
1488
1489
1492
1493
1497
1496
1495
1500
1501
1503
1507
1508
1506
1498
1509
1514
1511
1513
1516
1519
1521
1526
1528
1531
1535
1530
1534
1536
1538
1539
1544
1540
1547
1546
1551
1555
1552
1554
1558
1557
1570
1568
1576
1573
1580
1579
1575
1584
1586
1587
1592
1594
1595
1593
1596
1599
1598
1602
1605
1600
1611
1609
1607
1610
1608
1613
1616
1619
1618
1617
1604
1622
1624
1623
1625
1627
1626
1630
1633
1631
1634
1639
1637
1638
1645
1642
1640
1650
1651
1657
1655
1659
1658
1661
1662
1663
1665
1671
1672
1673
1679
1670
1682
1678
1687
1686
1685
1695
1691
1696
1692
1701
1704
1698
1700
1706
1710
1707
1717
1725
1727
1729
1726
1733
1730
1734
1738
1736
1732
1744
1745
1747
1739
1743
1752
1749
1753
1759
1764
1762
1763
1766
1769
1772
1776
1775
1777
1779
1781
1778
1783
1785
1788
1787
1791
1794
1796
1795
1797
1799
1804
1805
1806
1808
1810
1811
1807
1815
1818
1819
1820
1825
1821
1829
1827
1833
1836
1838
1845
1842
1844
1846
1847
1848
1851
1856
1855
1857
1865
1868
1870
1871
1873
1874
1884
1886
1887
1889
1891
1890
1895
1900
1896
1902
1898
1899
1908
1905
1907
1909
1915
1910
1916
1914
1918
1923
1924
1931
1926
1927
1932
1936
1939
1941
1947
1945
1954
1955
1952
1956
1958
1944
1951
1972
1973
1971
1978
1975
1982
1983
1984
1976
1989
1985
1988
1990
1993
1987
1996
1992
1997
2001
1995
2003
2007
1999
2015
2018
2032
2033
2052
2051
2048
2059
2074
2069
2079
2086
2089
2094
2108
2134
2136
2139
2141
2153
2165
2170
2171
2172
2173
2186
2201
2211
2234
2245
2248
2268
2280
2283
2288
2282
2291
2304
2337
2339
2343
2348
2359
2379
2407
2431
2444
2453
2460
2461
2462
2464
2463
2475
2481
2482
2490
2485
2493
2501
2497
2499
2527
2536
2555
2556
2579
2585
2596
2591
2612
2613
2622
2647
2652
2668
2691
2708
2723
2733
2734
2735
2740
2758
2773
2768
2776
2788
2807
2836
2837
2813
2857
2853
2865
2872
2877
2906
2913
2933
2935
2939
2947
2995
2996
3009
3018
3031
3055
3062
3025
3063
3091
3113
3120
3129
3131
3170
3183
3189
3206
3229
3240
3250
3263
3265
3269
3275
3295
3297
3310
3314
3323
3330
3334
3350
3352
3400
3401
3416
3426
3437
3447
3459
3470
3467
3492
3496
3502
3517
3542
3547
3564
3584
3590
3610
3636
3655
3646
3652
3709
3699
3711
3713
3710
3734
3732
3738
3767
3782
3795
3794
3801
3802
3804
3816
3835
3852
3854
3879
3886
3888
3887
3889
3883
3895
3899
3910
3920
3930
3931
3949
3957
3966
3968
3971
3995
3998
4006
4024
4039
4067
4068
4070
4079
4090
4098
4111
4135
4149
4150
4152
4160
4189
4201
4233
4237
4256
4257
4263
4280
4293
4301
4314
4323
4324
4325
4329
4350
4368
4372
4373
4412
4411
4413
4420
4428
4456
4460
4530
4540
4555
4560
4571
4587
4602
4630
4640
4645
4663
4665
4667
4683
4706
4712
4714
4717
4740
4818
4860
4862
4869
4880
4888
4938
4944
4950
4995
5003
5007
5013
5015
5016
5017
5036
5083
5088
5093
5117
5124
5139
5206
5214
5258
5259
5271
5275
5284
5324
5325
5342
5337
5362
5380
5385
5392
5402
5410
5415
5408
5418
5434
5435
5457
5458
5474
5476
5483
5484
5528
5530
5531
5533
5538
5555
5584
5585
5587
5580
5590
5589
5592
5594
5607
5608
5620
5622
5639
5641
5654
5668
5684
5686
5689
5756
5781
5806
5821
5825
5843
5844
5845
5846
5850
5853
5927
5950
5967
5968
5991
6009
6024
6025
6040
6044
6053
6051
6054
6064
6070
6071
6075
6076
6098
6118
6119
6121
6125
6137
6138
6143
6147
6149
6144
6146
6165
6164
6167
6171
6176
6179
6177
6192
6197
6198
6209
6218
6230
6228
6238
6239
6253
6257
6259
6256
6268
6285
6287
6284
6290
6298
6307
6308
6309
6310
6314
6316
6317
6318
6344
6342
6374
6417
6418
6438
6431
6439
6441
6461
6462
6477
6483
6497
6515
6523
6530
6537
6536
6552
6553
6563
6564
6565
6566
6567
6582
6584
6596
6604
6616
6628
6639
6636
6640
6645
6655
6663
6675
6673
6681
6701
6704
6715
6728
6730
6742
6752
6755
6758
6756
6782
6784
6786
6794
6811
6822
6829
6828
6834
6830
6870
6881
6888
6913
6922
6926
6925
6958
6961
6972
6975
6980
6981
6997
7010
7012
7030
7031
7047
7057
7060
7062
7071
7083
7100
7106
7108
7172
7177
7181
7182
7200
7230
7236
7243
7272
7279
7280
7284
7291
7315
7316
7322
7323
7326
7331
7375
7391
7398
7413
7425
7438
7507
7508
7509
7518
7517
7524
7533
7553
7558
7564
7605
7606
7608
7627
7640
7643
7645
7648
7671
7695
7701
7734
7743
7749
7754
7766
7773
7778
7774
7768
7770
7782
7809
7825
7826
7834
7845
7857
7869
7871
7873
7880
7889
7940
7950
8013
8014
8032
8033
8047
8048
8062
8074
8098
8117
8138
8144
8139
8141
8146
8155
8156
8175
8191
8193
8206
8216
8222
8228
8237
8291
8298
8300
8320
8332
8373
8386
8393
8417
8438
8462
8472
8471
8473
8477
8478
8497
8518
8531
8594
8635
8644
8646
8650
8702
8848
8854
8923
8922
8942
8959
8968
8981
8986
8987
9018
9032
9035
9074
9075
9082
9089
9104
9114
9123
9163
9170
9176
9203
9207
9264
9271
9276
9281
9288
9297
9303
9319
9349
9367
9372
9375
9397
9443
9445
9469
9474
9479
9488
9494
9528
9534
9547
9549
9548
9550
9556
9554
9561
9576
9579
9590
9593
9600
9602
9609
9621
9627
9634
9656
9653
9664
9671
9674
9675
9676
9688
9696
9700
9702
9703
9705
9706
9708
9709
9711
9713
9718
9739
9737
9765
9769
9770
9798
9832
9844
9878
9882
9886
9898
9908
9918
9919
9945
9975
9996
10005
10015
10016
10023
10026
10029
10034
10036
10046
10047
10057
10060
10078
10090
10096
10101
10116
10125
10128
10135
10140
10146
10145
10147
10165
10166
10179
10182
10195
10198
10225
10228
10229
10230
10237
10245
10249
10259
10264
10277
10274
10276
10282
10286
10303
10311
10324
10340
10352
10358
10360
10375
10404
10406
10408
10436
10438
10457
10460
10462
10470
10476
10479
10518
10534
10546
10591
10590
10594
10607
10636
10638
10640
10652
10655
10662
10666
10676
10681
10746
10758
10759
10760
10764
10783
10784
10794
10807
10819
10848
10863
10865
10866
10904
10912
10931
10937
10938
10956
10966
10975
10977
10979
10980
11005
11009
11011
11024
11047
11048
11076
11108
11111
11112
11128
11138
11151
11153
11157
11172
11184
11205
11224
11226
11239
11253
11287
11289
11317
11318
11344
11356
11357
11364
11375
11388
11389
11420
11422
11423
11427
11430
11443
11444
11446
11448
11459
11460
11454
11467
11466
11468
11511
11527
11530
11547
11556
11559
11562
11567
11584
11595
11603
