18
12
9
23
19
20
30
33
37
25
48
49
57
35
62
64
63
60
67
77
85
91
96
97
92
99
93
32
107
111
105
115
122
125
126
132
120
135
138
145
149
150
152
158
156
155
157
165
168
159
170
178
161
164
179
184
182
175
189
188
193
202
194
206
208
218
215
213
223
235
244
260
262
269
268
265
266
267
278
286
311
313
317
320
332
326
331
333
347
342
348
351
344
355
349
353
357
362
360
367
369
375
379
368
384
396
386
388
394
401
407
408
415
403
418
426
430
424
433
436
444
446
454
455
453
448
457
459
467
464
471
465
472
479
484
482
481
504
508
505
507
516
521
517
518
529
522
530
537
539
534
541
543
540
549
544
562
563
560
572
566
578
586
594
592
595
596
610
614
613
616
625
628
633
629
644
642
648
649
643
645
651
653
658
669
664
666
674
680
676
679
681
689
696
699
695
707
711
710
719
740
755
750
758
762
768
773
774
779
784
793
789
803
797
806
804
812
808
813
816
824
829
820
830
832
834
836
837
838
840
843
847
858
864
862
861
866
867
882
888
891
892
912
915
923
941
942
950
945
956
955
959
969
970
967
977
974
973
981
987
991
996
999
1006
1005
1008
1007
1009
1012
1013
1015
1018
1011
1023
1022
1024
1025
1030
1028
1032
1034
1031
1040
1039
1041
1043
1044
1049
1048
1052
1053
1056
1058
1060
1062
1067
1066
1070
1072
1071
1069
1076
1073
1080
1077
1081
1083
1087
1089
1090
1085
1097
1096
1094
1098
1099
1100
1104
1102
1103
1101
1110
1105
1112
1116
1117
1118
1125
1124
1129
1131
1130
1135
1134
1133
1136
1140
1143
1145
1150
1147
1149
1159
1162
1157
1166
1160
1161
1164
1170
1172
1167
1177
1181
1182
1179
1184
1180
1190
1187
1191
1189
1193
1199
1203
1204
1211
1202
1212
1213
1215
1218
1216
1219
1223
1222
1224
1228
1232
1227
1234
1235
1237
1239
1240
1244
1238
1242
1243
1251
1252
1255
1263
1265
1258
1264
1249
1267
1270
1272
1271
1276
1281
1280
1290
1289
1284
1286
1295
1293
1303
1282
1302
1308
1298
1312
1313
1311
1310
1318
1316
1322
1326
1324
1328
1321
1331
1337
1347
1345
1352
1346
1353
1360
1363
1359
1364
1366
1362
1367
1368
1381
1384
1393
1394
1392
1391
1398
1395
1401
1403
1399
1408
1418
1414
1422
1417
1423
1427
1424
1425
1430
1435
1434
1431
1433
1442
1440
1441
1449
1450
1448
1445
1451
1459
1455
1457
1460
1462
1452
1465
1461
1458
1469
1472
1473
1475
1476
1480
1481
1483
1488
1489
1486
1492
1493
1497
1496
1495
1500
1501
1503
1507
1508
1506
1498
1509
1514
1513
1516
1519
1521
1526
1527
1531
1535
1530
1534
1536
1538
1539
1544
1540
1547
1546
1545
1541
1551
1555
1554
1558
1557
1570
1567
1568
1576
1573
1580
1579
1584
1586
1587
1592
1594
1595
1593
1596
1599
1598
1602
1605
1600
1601
1611
1609
1603
1610
1608
1613
1616
1619
1618
1617
1604
1622
1624
1623
1625
1627
1626
1630
1633
1631
1629
1634
1639
1637
1638
1645
1642
1640
1650
1651
1649
1657
1655
1659
1658
1654
1661
1662
1663
1665
1671
1672
1673
1679
1670
1682
1678
1687
1686
1685
1688
1695
1691
1696
1701
1704
1699
1700
1706
1703
1710
1708
1717
1725
1727
1729
1726
1733
1730
1734
1738
1736
1744
1745
1747
1739
1743
1752
1754
1753
1764
1762
1763
1766
1769
1772
1771
1776
1775
1777
1779
1781
1778
1783
1785
1788
1787
1791
1794
1790
1796
1795
1797
1799
1804
1805
1806
1808
1810
1811
1807
1812
1815
1814
1817
1820
1825
1821
1826
1822
1829
1833
1836
1838
1845
1842
1844
1840
1856
1855
1857
1865
1862
1868
1870
1871
1873
1874
1882
1884
1886
1885
1887
1889
1891
1890
1895
1900
1896
1902
1898
1899
1908
1905
1907
1909
1915
1910
1916
1914
1918
1923
1924
1922
1931
1926
1927
1932
1936
1939
1941
1947
1954
1955
1952
1956
1958
1944
1951
1957
1959
1972
1973
1970
1971
1978
1975
1982
1983
1984
1981
1976
1989
1985
1988
1990
1993
1996
1992
1997
2001
1995
2003
2007
1999
2002
2015
2018
2013
2025
2032
2033
2043
2044
2052
2047
2051
2058
2074
2069
2079
2072
2076
2081
2086
2089
2094
2107
2108
2122
2127
2133
2134
2139
2148
2155
2164
2170
2172
2173
2177
2189
2201
2216
2215
2221
2234
2245
2257
2268
2270
2280
2281
2291
2299
2306
2305
2314
2317
2337
2332
2339
2348
2349
2359
2372
2389
2395
2407
2411
2423
2444
2453
2446
2454
2448
2461
2462
2466
2475
2470
2482
2490
2493
2501
2504
2507
2518
2527
2526
2536
2544
2551
2552
2563
2568
2579
2596
2591
2590
2622
2627
2640
2691
2692
2704
2708
2716
2728
2733
2734
2762
2773
2763
2767
2776
2788
2780
2810
2811
2826
2836
2837
2813
2857
2861
2879
2893
2898
2907
2906
2913
2929
2933
2935
2939
2940
2944
2945
2947
2965
2966
2974
2978
2985
2986
2988
2987
3001
3002
3008
3011
3013
3014
3017
3018
3029
3031
3033
3037
3045
3047
3053
3062
3066
3081
3091
3117
3120
3129
3126
3131
3136
3143
3152
3159
3170
3177
3183
3189
3191
3194
3207
3215
3218
3229
3227
3240
3250
3254
3263
3269
3268
3270
3274
3275
3317
3323
3330
3332
3342
3352
3357
3375
3374
3377
3383
3391
3401
3416
3426
3435
3437
3439
3459
3463
3467
3479
3480
3492
3499
3511
3517
3518
3534
3544
3555
3554
3564
3570
3577
3590
3589
3610
3618
3622
3624
3630
3644
3645
3655
3647
3657
3662
3671
3683
3698
3701
3707
3709
3711
3710
3712
3714
3719
3726
3728
3732
3730
3738
3746
3747
3764
3760
3767
3775
3776
3779
3787
3795
3793
3794
3797
3801
3802
3809
3817
3820
3825
3827
3826
3852
3858
3866
3869
3879
3886
3888
3887
3889
3895
3899
3908
3909
3910
3914
3915
3920
3930
3931
3934
3937
3962
3966
3968
3970
3975
3981
3986
3994
3995
3998
4002
4004
4006
4007
4012
4015
4023
4024
4035
4039
4045
4051
4063
4067
4068
4070
4076
4090
4094
4096
4121
4111
4122
4133
4148
4150
4160
4173
4180
4183
4193
4195
4225
4237
4243
4254
4257
4282
4289
4315
4314
4323
4324
4329
4330
4338
4339
4342
4350
4351
4356
4366
4361
4372
4373
4382
4384
4392
4412
4414
4413
4428
4441
4445
4447
4453
4454
4456
4461
4466
4480
4490
4491
4492
4500
4501
4508
4518
4529
4530
4532
4533
4543
4542
4560
4561
4565
4571
4572
4575
4577
4578
4584
4592
4594
4599
4600
4621
4640
4645
4648
4660
4671
4683
4686
4692
4693
4705
4712
4710
4717
4727
4732
4745
4785
4803
4804
4815
4818
4831
4850
4855
4862
4869
4887
4915
4924
4950
4953
4957
4964
4970
4977
4990
4992
4980
4995
5013
5017
5018
5032
5036
5060
5054
5093
5108
5111
5124
5138
5141
5157
5162
5166
5194
5195
5202
5211
5214
5221
5229
5230
5233
5243
5258
5266
5270
5274
5284
5292
5307
5308
5312
5314
5321
5326
5342
5345
5349
5362
5364
5367
5369
5386
5385
5392
5395
5400
5403
5410
5415
5434
5436
5452
5469
5473
5474
5476
5477
5484
5511
5531
5537
5538
5544
5552
5555
5562
5570
5574
5584
5590
5589
5591
5595
5596
5602
5601
5607
5608
5620
5621
5628
5639
5641
5652
5653
5656
5668
5683
5685
5689
5703
5706
5710
5723
5743
5752
5750
5775
5779
5781
5773
5785
5797
5809
5808
5816
5818
5817
5821
5825
5826
5842
5843
5845
5846
5847
5853
5857
5864
5892
5905
5909
5916
5919
5927
5926
5928
5932
5956
5966
5968
5969
5988
5991
5992
6005
6008
6010
6009
6013
6021
6026
6029
6039
6040
6043
6044
6053
6049
6054
6059
6064
6065
6071
6075
6076
6085
6087
6090
6091
6098
6102
6110
6111
6118
6119
6127
6130
6135
6137
6138
6143
6147
6149
6157
6162
6163
6164
6167
6176
6179
6175
6177
6192
6194
6197
6198
6201
6209
6210
6219
6230
6228
6238
6243
6248
6252
6257
6259
6261
6264
6268
6285
6284
6306
6307
6308
6309
6310
6316
6317
6318
6319
6324
6330
6338
6344
6342
6345
6346
6363
6374
6381
6382
6383
6385
6389
6392
6407
6417
6418
6438
6431
6439
6447
6450
6451
6461
6462
6477
6483
6490
6497
6498
6515
6530
6537
6536
6535
6552
6562
6563
6564
6565
6567
6570
6573
6582
6584
6591
6593
6596
6604
6605
6612
6628
6633
6639
6636
6640
6646
6651
6654
6655
6658
6664
6665
6668
6662
6675
6673
6676
6680
6686
6701
6704
6706
6715
6720
6728
6742
6752
6749
6755
6756
6768
6769
6782
6784
6786
6794
6806
6811
6814
6822
6829
6826
6834
6830
6841
6875
6885
6889
6899
6903
6905
6922
6940
6957
6958
6972
6980
6985
6987
6997
7009
7010
7014
7017
7028
7030
7031
7035
7040
7042
7058
7062
7069
7079
7082
7093
7100
7108
7110
7111
7115
7116
7131
7142
7167
7168
7172
7177
7175
7176
7179
7213
7216
7219
7236
7250
7252
7270
7272
7276
7280
7290
7292
7296
7297
7300
7315
7316
7319
7320
7326
7324
7331
7337
7347
7353
7356
7362
7373
7375
7382
7386
7385
7390
7395
7398
7394
7400
7403
7404
7407
7413
7423
7427
7439
7452
7440
7457
7458
7482
7485
7507
7508
7518
7517
7533
7534
7536
7559
7558
7560
7564
7565
7567
7576
7579
7581
7588
7585
7605
7603
7606
7645
7648
7655
7659
7661
7671
7686
7695
7701
7702
7707
7711
7714
7735
7743
7754
7758
7764
7765
7766
7772
7773
7778
7774
7768
7782
7783
7793
7795
7803
7809
7811
7814
7820
7825
7826
7829
7831
7834
7840
7842
7844
7870
7880
7889
7891
7892
7896
7906
7908
7914
7913
7929
7931
7940
7955
7971
7974
7995
8004
8010
8012
8013
8022
8023
8025
8035
8042
8048
8069
8074
8082
8097
8105
8106
8117
8112
8114
8129
8138
8144
8139
8141
8155
8156
8154
8172
8175
8182
8183
8195
8206
8209
8218
8222
8228
8238
8239
8244
8266
8271
8270
8275
8279
8280
8292
8297
8310
8320
8332
8348
8352
8353
8355
8367
8369
8370
8373
8380
8388
8399
8393
8401
8414
8415
8417
8419
8425
8432
8431
8433
8438
8437
8442
8444
8452
8457
8462
8470
8472
8473
8479
8484
8497
8498
8502
8517
8518
8526
8535
8534
8538
8558
8559
8573
8587
8594
8595
8597
8624
8631
8636
8646
8674
8675
8678
8692
8693
8699
8710
8715
8721
8726
8744
8747
8761
8773
8788
8789
8802
8807
8813
8835
8839
8845
8847
8850
8852
8854
8859
8861
8862
8863
8881
8892
8901
8910
8925
8932
8935
8943
8949
8944
8968
8978
8981
8982
8980
8984
8987
8993
9003
9005
9014
9013
9021
9029
9032
9039
9031
9063
9067
9074
9075
9082
9084
9086
9087
9089
9092
9104
9115
9117
9127
9142
9145
9170
9177
9184
9188
9194
9197
9203
9207
9208
9209
9211
9228
9234
9227
9238
9263
9281
9285
9288
9289
9294
9296
9303
9310
9319
9326
9341
9342
9349
9354
9358
9359
9357
9367
9372
9376
9380
9397
9399
9415
9418
9429
9438
9440
9443
9444
9445
9459
9467
9474
9473
9484
9485
9487
9482
9490
9494
9511
9512
9513
9514
9534
9548
9550
9551
9554
9562
9571
9573
9591
9593
9599
9608
9609
9612
9621
9641
9642
9656
9653
9664
9666
9671
9674
9675
9676
9673
9682
9686
9688
9692
9696
9702
9703
9705
9706
9717
9718
9739
9737
9747
9758
9767
9771
9792
9798
9801
9825
9832
9839
9853
9879
9881
9882
9883
9896
9897
9908
9915
9923
9924
9919
9925
9932
9948
9956
9963
9969
9970
9985
10005
10015
10017
10028
10034
10036
10035
10046
10047
10057
10085
10087
10088
10089
10090
10092
10096
10103
10107
10116
10125
10130
10132
10135
10145
10147
10156
10157
10158
10165
10169
10176
10179
10186
10190
10189
10188
10198
10225
10228
10232
10237
10245
10249
10257
10264
10267
10270
10272
10275
10277
10276
10286
10297
10302
10303
10305
10310
10314
10318
10337
10358
10359
10363
10373
10375
10384
10402
10406
10408
10455
10458
10462
10476
10475
10479
10487
10539
10540
10552
10561
10572
10587
10604
10607
10623
10647
10652
10666
10676
10679
10681
10686
10717
10729
10731
10759
10771
10785
10819
10836
10837
10848
10866
10869
10877
10876
10883
10887
10886
10895
10904
10917
10918
10925
10931
10939
10945
10951
10954
10956
10957
10960
10971
10970
10977
10979
10980
10983
10989
11011
11014
11022
11037
11047
11048
11074
11103
11107
11108
11128
11129
11136
11138
11151
11153
11170
11181
11184
11199
11205
11206
11212
11215
11225
11251
11285
11312
11316
11320
11323
11341
11344
11345
11349
11364
11375
11379
11388
11407
11414
11420
11427
11430
11443
11448
11453
11460
11467
11466
11468
11473
11476
11477
11501
11510
11528
11527
11535
11546
11547
11559
11564
11567
11575
11583
11584
11596
11607
