0
20
18
10
24
25
35
22
23
44
40
14
36
48
41
29
31
42
52
57
55
64
65
56
60
69
73
72
63
74
83
79
91
75
85
86
90
84
88
110
109
112
98
101
115
116
96
122
128
123
124
118
131
143
151
160
157
155
147
165
171
176
167
185
170
183
184
175
193
190
197
208
214
188
189
210
205
219
217
225
220
207
212
213
204
234
241
239
242
252
247
250
248
264
268
259
278
277
263
279
284
286
299
288
300
307
308
296
303
311
315
321
324
320
310
327
305
309
335
323
312
331
344
347
343
351
358
368
355
362
359
364
375
366
369
383
390
381
385
400
397
396
406
403
401
402
414
420
410
412
427
432
434
429
431
436
446
433
453
425
464
461
458
454
467
477
468
470
474
473
459
487
480
488
481
492
490
479
497
504
509
511
484
520
517
515
530
510
528
534
535
526
522
533
536
546
549
548
552
558
569
570
565
575
573
564
572
583
571
594
580
597
605
606
608
616
618
626
610
620
590
613
609
624
611
630
619
629
634
625
627
621
640
632
644
646
641
642
660
651
655
662
661
665
663
664
668
674
669
679
677
678
684
687
667
666
688
653
670
671
676
691
682
695
680
698
694
690
696
699
681
683
685
704
693
703
706
705
692
709
697
689
718
700
728
734
736
722
743
726
719
725
731
744
751
757
752
756
762
773
774
747
789
770
784
800
782
792
806
813
808
804
805
828
823
821
824
832
839
840
842
833
834
854
860
846
852
871
869
880
877
882
903
892
898
905
906
904
934
930
887
935
936
940
952
928
956
937
951
954
953
973
957
961
959
965
984
977
988
987
1002
997
992
979
995
1001
998
1011
1016
1021
1024
1007
1029
1030
1025
1027
1040
1032
1026
1045
1034
1054
1060
1055
1059
1069
1072
1066
1075
1087
1089
1082
1102
1106
1112
1094
1100
1108
1093
1099
1111
1116
1113
1133
1134
1137
1144
1163
1154
1156
1143
1167
1191
1193
1186
1198
1204
1192
1197
1200
1203
1201
1219
1230
1233
1236
1202
1240
1252
1256
1259
1260
1257
1276
1277
1281
1270
1297
1309
1306
1310
1323
1329
1325
1316
1331
1343
1348
1339
1356
1349
1359
1360
1366
1373
1371
1387
1381
1393
1401
1405
1365
1391
1415
1412
1413
1411
1419
1431
1422
1430
1423
1426
1438
1433
1439
1449
1461
1457
1454
1458
1459
1465
1469
1467
1481
1473
1489
1492
1490
1495
1494
1498
1496
1505
1506
1517
1507
1509
1521
1524
1538
1529
1528
1534
1525
1539
1548
1544
1522
1549
1557
1565
1562
1556
1558
1560
1563
1574
1569
1585
1591
1581
1590
1592
1596
1575
1576
1604
1595
1609
1613
1617
1621
1616
1612
1600
1629
1611
1623
1634
1630
1625
1649
1661
1651
1663
1662
1657
1656
1694
1676
1692
1697
1703
1716
1726
1712
1722
1732
1728
1725
1744
1734
1742
1753
1751
1752
1708
1766
1764
1761
1763
1781
1800
1798
1809
1808
1826
1835
1839
1831
1832
1828
1846
1848
1850
1853
1864
1862
1868
1842
1855
1878
1880
1891
1900
1901
1905
1917
1918
1911
1916
1919
1923
1939
1945
1946
1950
1971
1970
1962
1954
1972
1979
1978
1992
1973
1994
2000
2001
2006
2012
2024
2031
2025
2027
2026
2033
2028
2041
2044
2049
2048
2058
2061
2064
2059
2077
2074
2083
2082
2089
2101
2111
2112
2103
2114
2128
2122
2127
2132
2153
2152
2154
2149
2164
2166
2176
2173
2177
2193
2205
2209
2213
2199
2227
2222
2236
2228
2238
2239
2234
2242
2235
2237
2241
2240
2244
2260
2254
2265
2268
2273
2281
2279
2261
2280
2284
2267
2270
2288
2277
2274
2295
2298
2285
2303
2308
2297
2311
2312
2321
2317
2328
2320
2319
2316
2323
2313
2318
2325
2349
2352
2368
2382
2379
2378
2392
2386
2384
2383
2398
2406
2403
2394
2420
2409
2421
2422
2419
2441
2433
2456
2461
2455
2446
2478
2452
2489
2502
2494
2510
2515
2511
2512
2518
2513
2545
2552
2556
2553
2570
2557
2559
2571
2576
2573
2577
2586
2584
2605
2598
2614
2615
2625
2633
2634
2631
2629
2654
2653
2642
2668
2667
2650
2658
2669
2647
2675
2676
2694
2680
2701
2705
2698
2715
2707
2702
2730
2736
2718
2713
2755
2746
2737
2763
2738
2780
2796
2797
2793
2791
2811
2814
2808
2806
2803
2801
2798
2825
2818
2824
2833
2839
2837
2852
2842
2838
2844
2846
2859
2850
2870
2864
2854
2861
2860
2872
2871
2858
2884
2876
2881
2885
2889
2894
2897
2899
2903
2907
2902
2901
2916
2918
2909
2895
2917
2908
2926
2920
2919
2938
2939
2958
2949
2961
2962
2950
2945
2960
2978
2970
2987
2977
2984
2986
2999
3002
3005
3012
3029
3022
3030
3032
3060
3054
3050
3072
3066
3084
3081
3087
3080
3091
3099
3102
3111
3110
3118
3134
3121
3143
3142
3130
3151
3156
3149
3157
3165
3167
3172
3179
3159
3182
3181
3191
3192
3200
3201
3207
3215
3210
3208
3224
3217
3226
3219
3228
3247
3235
3236
3255
3258
3269
3276
3283
3271
3287
3273
3292
3295
3290
3272
3297
3310
3306
3316
3307
3324
3326
3321
3338
3340
3347
3331
3358
3365
3372
3353
3384
3392
3375
3382
3381
3391
3394
3416
3403
3397
3418
3413
3419
3415
3407
3434
3427
3435
3429
3440
3441
3433
3452
3460
3463
3453
3477
3469
3481
3470
3489
3491
3492
3509
3500
3506
3488
3512
3513
3526
3520
3532
3525
3527
3522
3530
3514
3523
3542
3543
3569
3577
3567
3559
3564
3576
3570
3568
3590
3571
3602
3593
3607
3580
3609
3618
3603
3621
3626
3629
3619
3647
3640
3641
3657
3652
3649
3663
3672
3670
3665
3692
3679
3693
3697
3691
3685
3681
3702
3703
3719
3712
3713
3728
3723
3721
3718
3739
3738
3762
3740
3756
3757
3769
3758
3760
3775
3773
3784
3785
3795
3797
3805
3796
3804
3800
3798
3799
3810
3778
3814
3830
3833
3834
3828
3843
3827
3826
3841
3846
3835
3850
3855
3861
3862
3854
3877
3878
3900
3893
3902
3895
3917
3921
3904
3914
3916
3909
3932
3927
3948
3950
3964
3984
3982
3987
3997
3998
4003
3991
3996
4012
4010
3999
4016
4013
4046
4055
4059
4078
4091
4085
4083
4081
4094
4089
4103
4092
4112
4107
4099
4106
4109
4118
4130
4119
4121
4124
4134
4147
4141
4138
4146
4148
4158
4143
4176
4181
4199
4188
4189
4207
4201
4220
4212
4202
4215
4219
4230
4238
4259
4260
4251
4242
4281
4278
4279
4268
4274
4295
4306
4302
4307
4316
4318
4323
4343
4333
4335
4332
4339
4351
4344
4358
4352
4355
4347
4356
4362
4382
4375
4374
4388
4386
4402
4396
4401
4407
4423
4427
4431
4417
4433
4442
4438
4443
4450
4460
4453
4461
4473
4472
4483
4474
4475
4481
4491
4478
4498
4507
4499
4512
4513
4516
4511
4518
4519
4528
4529
4541
4552
4570
4567
4581
4586
4569
4587
4592
4596
4603
4590
4608
4609
4598
4616
4622
4623
4637
4631
4632
4630
4642
4633
4648
4643
4658
4654
4675
4676
4657
4683
4670
4668
4678
4684
4707
4705
4710
4686
4715
4716
4722
4725
4729
4749
4734
4745
4744
4739
4750
4762
4759
4748
4766
4773
4776
4765
4784
4767
4782
4790
4792
4812
4797
4811
4807
4815
4808
4814
4805
4800
4818
4827
4820
4822
4828
4830
4835
4823
4826
4842
4838
4844
4856
4854
4857
4864
4865
4863
4869
4878
4880
4855
4866
4872
4891
4893
4889
4892
4904
4914
4916
4910
4908
4913
4917
4948
4935
4940
4927
4960
4962
4954
4963
4975
4992
4980
4981
4988
4977
5002
4994
5008
5015
5034
5027
5032
5029
5026
5040
5045
5039
5047
5053
5055
5031
5054
5049
5068
5069
5071
5060
5067
5073
5075
5076
5085
5078
5066
5100
5089
5082
5096
5093
5107
5112
5111
