0
20
18
16
10
24
17
5
19
7
3
12
25
15
6
33
28
35
22
23
44
40
26
36
48
41
37
29
31
34
42
52
57
49
43
55
64
45
65
60
53
69
46
73
59
72
63
74
80
83
79
50
89
70
91
75
82
85
86
90
84
88
110
92
93
95
94
109
108
112
102
98
101
105
115
116
104
96
122
128
99
123
106
124
113
118
119
131
121
125
107
143
126
127
129
130
140
142
144
151
154
132
149
152
160
157
155
134
147
165
136
171
162
161
145
163
176
156
167
164
166
185
170
183
173
174
184
175
193
194
179
198
182
181
186
190
178
197
208
187
214
188
189
210
202
205
219
206
217
225
220
209
207
212
213
229
218
230
222
224
234
241
232
238
233
239
252
245
247
246
250
228
244
243
248
264
253
268
266
262
259
265
254
267
269
260
278
277
258
227
273
263
279
285
284
286
287
299
288
300
275
302
307
308
296
297
298
303
311
315
316
291
321
276
306
324
320
310
327
305
309
335
323
317
319
322
312
331
334
344
325
330
345
313
347
343
351
349
348
336
338
350
340
341
352
358
368
353
355
363
356
362
359
364
375
366
365
369
383
372
386
390
357
381
371
385
387
373
382
388
400
397
389
380
393
396
406
379
403
402
394
415
416
414
418
419
420
410
412
427
432
421
434
439
430
429
431
435
436
446
428
433
437
413
453
455
452
449
440
425
464
461
458
454
463
457
467
471
475
462
477
468
470
472
474
473
459
487
476
480
488
481
486
492
490
479
497
495
504
466
485
498
509
511
484
499
513
496
500
520
517
515
530
508
510
528
519
518
534
535
521
526
531
522
533
532
536
546
545
549
551
548
543
540
552
553
558
557
569
570
565
575
573
572
566
562
583
571
582
587
589
584
579
594
580
588
598
586
597
605
606
595
576
607
591
581
602
608
604
600
618
622
620
617
613
624
628
611
630
619
615
629
634
625
621
640
644
646
641
642
660
651
655
662
661
665
663
652
664
668
674
650
669
679
677
678
684
687
666
688
653
671
673
676
691
682
695
680
698
694
696
699
681
683
704
693
703
706
692
709
697
689
708
718
700
702
712
728
716
707
711
734
736
721
743
724
726
719
725
731
727
730
737
744
735
746
751
715
757
752
756
738
762
773
774
760
747
763
761
776
775
778
777
758
780
789
770
783
784
785
800
782
788
792
802
806
798
813
799
801
811
808
804
805
807
828
823
814
817
809
822
821
824
825
829
830
832
831
839
840
842
833
834
835
845
836
850
854
837
860
846
851
852
853
855
858
843
871
857
869
867
881
880
870
873
875
876
865
877
882
896
885
890
903
892
898
893
899
878
889
895
900
897
905
906
912
904
909
913
926
916
917
934
930
887
935
936
938
948
940
950
952
931
928
933
956
937
943
949
946
947
960
951
954
969
953
955
973
958
957
967
963
959
975
976
971
984
970
983
977
972
988
989
990
991
987
978
1000
999
1003
1002
997
1004
992
979
981
1001
994
1018
1011
1008
1016
1005
1021
1024
1007
1029
1030
1025
1031
1027
1040
1010
1032
1036
1019
1026
1045
1034
1044
1054
1048
1050
1049
1041
1052
1060
1056
1055
1020
1059
1069
1064
1046
1072
1074
1062
1066
1067
1079
1083
1075
1087
1089
1090
1081
1082
1086
1085
1102
1084
1106
1103
1112
1100
1105
1108
1093
1095
1098
1107
1099
1111
1115
1114
1116
1113
1117
1133
1120
1124
1136
1127
1122
1134
1126
1135
1137
1130
1138
1139
1118
1141
1144
1145
1158
1146
1163
1151
1142
1154
1148
1162
1155
1170
1143
1147
1167
1168
1176
1174
1191
1182
1193
1186
1188
1198
1204
1192
1190
1194
1184
1189
1185
1183
1179
1199
1180
1200
1181
1195
1214
1203
1209
1221
1213
1210
1201
1205
1219
1216
1230
1220
1222
1207
1217
1208
1233
1236
1228
1231
1223
1238
1224
1241
1234
1235
1227
1249
1202
1237
1240
1252
1256
1258
1262
1248
1259
1250
1260
1267
1257
1265
1277
1275
1268
1266
1281
1280
1284
1270
1282
1269
1289
1278
1291
1300
1295
1299
1297
1309
1301
1293
1306
1312
1308
1303
1321
1323
1326
1329
1320
1305
1328
1316
1334
1319
1324
1315
1337
1343
1348
1351
1339
1356
1341
1345
1349
1350
1359
1342
1346
1368
1370
1366
1358
1361
1363
1372
1375
1373
1367
1384
1374
1379
1378
1369
1383
1389
1377
1381
1380
1385
1401
1395
1405
1397
1404
1402
1391
1396
1403
1414
1415
1406
1394
1382
1412
1413
1410
1411
1418
1420
1431
1422
1430
1428
1434
1417
1425
1427
1423
1426
1424
1441
1433
1443
1437
1439
1440
1449
1436
1450
1442
1447
1445
1461
1454
1458
1456
1459
1465
1462
1469
1470
1474
1467
1481
1482
1473
1480
1492
1487
1491
1493
1486
1490
1495
1494
1497
1498
1496
1503
1505
1506
1517
1499
1507
1509
1521
1512
1524
1513
1515
1518
1519
1501
1520
1538
1529
1528
1534
1539
1530
1531
1535
1548
1544
1546
1522
1547
1549
1557
1541
1550
1565
1556
1558
1560
1561
1563
1554
1572
1567
1570
1564
1573
1574
1577
1584
1585
1591
1586
1581
1590
1592
1583
1582
1579
1597
1575
1576
1601
1587
1604
1589
1588
1609
1599
1602
1613
1615
1617
1603
1607
1618
1621
1610
1616
1612
1600
1629
1623
1634
1635
1632
1640
1622
1630
1642
1625
1645
1648
1649
1638
1660
1661
1646
1654
1651
1643
1669
1673
1650
1657
1667
1677
1652
1664
1666
1675
1656
1670
1694
1676
1684
1685
1699
1692
1697
1693
1696
1680
1688
1700
1703
1705
1716
1726
1722
1718
1717
1709
1732
1728
1729
1713
1725
1727
1710
1720
1714
1744
1731
1733
1749
1739
1742
1753
1745
1751
1735
1748
1750
1752
1760
1708
1766
1761
1767
1763
1771
1769
1778
1775
1776
1782
1774
1784
1780
1779
1781
1768
1789
1795
1754
1787
1800
1797
1798
1799
1793
1804
1802
1807
1809
1805
1815
1820
1808
1813
1817
1827
1822
1819
1812
1826
1835
1839
1821
1823
1831
1834
1825
1832
1830
1829
1833
1828
1846
1848
1852
1844
1845
1858
1841
1850
1851
1853
1864
1849
1862
1863
1868
1842
1876
1855
1865
1882
1875
1872
1878
1871
1877
1880
1881
1883
1889
1893
1891
1895
1896
1897
1903
1902
1904
1900
1901
1905
1888
1917
1918
1906
1894
1911
1915
1916
1914
1919
1909
1923
1931
1939
1945
1946
1943
1935
1937
1947
1936
1940
1944
1941
1950
1953
1955
1971
1961
1970
1962
1951
1959
1968
1967
1972
1979
1969
1982
1981
1983
1978
1992
1973
1984
1986
1994
1988
1977
1990
1989
2000
2001
2006
1996
2002
2004
2012
2011
2007
2009
2019
2024
2022
2013
2014
2017
2031
2016
2018
2025
2027
2026
2023
2033
2034
2028
2037
2029
2041
2040
2032
2044
2049
2010
2048
2035
2036
2039
2057
2046
2058
2045
2047
2038
2064
2066
2059
2062
2053
2054
2065
2070
2077
2068
2071
2069
2074
2093
2083
2078
2082
2084
2088
2087
2090
2081
2101
2111
2104
2098
2106
2112
2097
2100
2103
2114
2110
2120
2115
2117
2118
2099
2113
2128
2119
2107
2109
2121
2122
2137
2127
2135
2134
2133
2125
2136
2138
2141
2132
2140
2153
2148
2152
2139
2157
2147
2158
2160
2154
2155
2150
2149
2162
2164
2166
2170
2182
2169
2172
2178
2176
2191
2173
2192
2177
2193
2195
2188
2204
2190
2205
2196
2202
2203
2212
2216
2206
2217
2198
2209
2200
2210
2211
2214
2227
2224
2215
2219
2230
2222
2225
2229
2236
2228
2238
2239
2231
2234
2242
2235
2237
2221
2260
2250
2254
2265
2268
2255
2273
2257
2258
2281
2272
2279
2261
2280
2284
2267
2270
2266
2283
2276
2288
2277
2282
2264
2295
2299
2289
2298
2286
2285
2287
2303
2292
2291
2296
2308
2297
2311
2302
2321
2317
2309
2305
2328
2314
2310
2319
2330
2316
2324
2334
2323
2313
2342
2333
2332
2325
2338
2350
2355
2346
2358
2370
2357
2345
2365
2351
2369
2382
2364
2372
2379
2378
2381
2393
2377
2392
2384
2383
2401
2406
2403
2399
2373
2400
2394
2397
2414
2405
2407
2413
2415
2411
2420
2409
2421
2416
2423
2422
2419
2418
2424
2427
2426
2430
2443
2445
2431
2441
2442
2437
2432
2436
2433
2451
2444
2456
2448
2449
2457
2466
2460
2462
2463
2461
2465
2435
2446
2458
2475
2478
2477
2474
2473
2480
2452
2483
2481
2500
2491
2492
2489
2502
2496
2497
2490
2510
2498
2499
2509
2515
2517
2511
2519
2512
2518
2516
2520
2505
2523
2513
2526
2538
2542
2537
2535
2534
2530
2545
2543
2552
2536
2547
2555
2556
2544
2551
2553
2570
2557
2528
2549
2559
2571
2576
2561
2568
2564
2569
2580
2573
2572
2574
2566
2575
2578
2577
2581
2579
2586
2583
2587
2590
2584
2605
2596
2582
2600
2592
2601
2603
2602
2591
2608
2609
2616
2611
2612
2619
2621
2622
2614
2615
2624
2626
2633
2634
2631
2638
2637
2636
2635
2628
2651
2654
2653
2645
2642
2668
2667
2650
2658
2669
2663
2647
2681
2672
2684
2675
2674
2677
2679
2659
2690
2676
2694
2697
2680
2687
2701
2685
2691
2692
2693
2705
2698
2715
2712
2700
2703
2708
2707
2699
2702
2709
2730
2725
2728
2732
2716
2717
2722
2736
2718
2719
2723
2727
2731
2733
2740
2704
2734
2739
2755
2746
2747
2737
2750
2751
2754
2761
2738
2753
2749
2756
2760
2764
2773
2744
2765
2769
2780
2770
2758
2772
2757
2774
2776
2786
2790
2781
2779
2796
2797
2787
2792
2791
2777
2795
2788
2809
2799
2811
2810
2807
2814
2808
2817
2803
2804
2820
2801
2798
2815
2805
2825
2816
2818
2821
2830
2826
2819
2833
2834
2828
2839
2837
2847
2852
2853
2842
2838
2844
2846
2848
2849
2859
2850
2870
2854
2861
2860
2872
2871
2865
2858
2866
2869
2873
2876
2878
2874
2862
2881
2885
2891
2894
2897
2879
2899
2903
2907
2896
2901
2904
2916
2918
2909
2895
2910
2917
2926
2912
2915
2922
2921
2935
2927
2929
2928
2930
2919
2938
2934
2944
2924
2931
2942
2952
2939
2958
2949
2961
2962
2951
2950
2953
2945
2960
2959
2947
2956
2964
2966
2975
2971
2969
2978
2972
2980
2987
2992
2985
2976
2989
2986
2999
2990
2991
2993
3002
2996
2994
2983
3010
3005
3015
2997
3009
3003
3014
3012
3029
3016
3019
3018
3020
3023
3030
3024
3021
3028
3006
3040
3043
3035
3027
3041
3049
3033
3037
3034
3048
3058
3060
3054
3053
3055
3050
3072
3065
3066
3079
3067
3084
3070
3068
3073
3081
3077
3074
3087
3088
3080
3089
3092
3091
3105
3098
3099
3094
3102
3114
3106
3107
3100
3097
3111
3126
3117
3110
3116
3120
3118
3112
3134
3128
3129
3115
3121
3143
3133
3132
3123
3131
3135
3142
3136
3130
3151
3140
3156
3150
3141
3149
3154
3145
3148
3157
3165
3167
3161
3174
3172
3179
3159
3168
3182
3170
3177
3171
3180
3181
3175
3189
3191
3185
3192
3194
3193
3195
3199
3198
3200
3202
3203
3196
3201
3207
3215
3210
3208
3209
3212
3224
3214
3217
3226
3229
3216
3234
3230
3218
3228
3227
3244
3247
3239
3235
3238
3253
3225
3255
3232
3260
3249
3252
3254
3269
3256
3257
3263
3275
3265
3276
3270
3281
3283
3282
3271
3287
3268
3279
3274
3273
3292
3262
3295
3290
3284
3288
3297
3280
3310
3299
3309
3300
3306
3316
3307
3303
3312
3305
3317
3314
3311
3324
3330
3326
3325
3320
3327
3328
3321
3336
3338
3339
3337
3335
3333
3341
3352
3347
3331
3350
3355
3346
3358
3362
3365
3368
3369
3357
3366
3360
3372
3367
3353
3384
3389
3390
3392
3378
3385
3382
3381
3383
3396
3391
3380
3393
3402
3400
3416
3403
3398
3408
3409
3418
3413
3412
3419
3415
3407
3434
3406
3427
3417
3422
3425
3435
3429
3431
3424
3445
3441
3433
3444
3451
3449
3447
3452
3460
3455
3436
3457
3468
3463
3461
3453
3477
3464
3459
3462
3471
3469
3481
3465
3475
3466
3470
3476
3489
3479
3490
3474
3480
3491
3483
3495
3492
3486
3473
3493
3509
3494
3496
3500
3485
3506
3488
3504
3497
3507
3510
3472
3501
3512
3513
3521
3526
3499
3520
3516
3498
3532
3515
3525
3524
3527
3522
3533
3530
3514
3523
3535
3536
3542
3545
3547
3537
3549
3544
3541
3552
3540
3543
3553
3554
3569
3550
3562
3575
3566
3577
3567
3559
3574
3572
3565
3564
3579
3576
3570
3568
3584
3590
3585
3571
3594
3595
3588
3601
3602
3593
3607
3587
3580
3596
3609
3600
3618
3608
3589
3603
3599
3621
3606
3617
3613
3626
3620
3627
3630
3631
3629
3619
3612
3633
3634
3647
3639
3640
3643
3657
3659
3648
3632
3654
3651
3652
3662
3663
3672
3660
3670
3665
3668
3655
3675
3671
3676
3677
3674
3680
3692
3664
3679
3673
3693
3695
3694
3697
3688
3690
3691
3685
3684
3683
3696
3681
3710
3702
3703
3699
3704
3719
3689
3701
3712
3713
3724
3708
3728
3720
3723
3721
3732
3714
3718
3739
3735
3722
3748
3737
3738
3743
3751
3733
3742
3741
3747
3755
3746
3762
3740
3752
3763
3756
3757
3768
3761
3769
3758
3765
3759
3760
3775
3773
3789
3786
3785
3776
3782
3795
3797
3779
3787
3796
3804
3798
3799
3801
3790
3802
3806
3810
3816
3809
3823
3814
3815
3830
3833
3821
3834
3828
3818
3843
3827
3819
3826
3839
3841
3836
3846
3829
3835
3840
3847
3850
3855
3861
3869
3849
3864
3862
3856
3854
3867
3865
3866
3872
3873
3868
3877
3871
3878
3863
3883
3890
3884
3879
3870
3900
3888
3874
3893
3902
3892
3894
3895
3896
3886
3917
3921
3904
3914
3916
3911
3920
3909
3922
3932
3924
3918
3930
3910
3929
3926
3948
3940
3945
3937
3950
3947
3946
3957
3961
3963
3944
3962
3969
3964
3970
3965
3967
3972
3973
3984
3975
3968
3982
3987
3977
3980
3976
3997
3986
4000
3989
3981
3995
3992
3998
4003
3991
3993
3996
4002
4012
3990
3983
4001
4010
4009
4011
4014
4015
4017
4005
4016
4007
4013
4029
4031
4027
4018
4028
4021
4030
4024
4035
4022
4034
4019
4045
4033
4043
4046
4044
4049
4055
4053
4057
4058
4056
4060
4042
4067
4062
4059
4064
4073
4074
4075
4078
4070
4084
4091
4085
4083
4087
4081
4094
4089
4092
4112
4095
4102
4111
4104
4107
4099
4106
4109
4110
4116
4118
4123
4121
4134
4135
4137
4117
4147
4120
4141
4138
4139
4142
4150
4115
4144
4146
4157
4148
4145
4158
4168
4154
4151
4153
4164
4155
4165
4166
4160
4176
4170
4180
4187
4173
4174
4179
4186
4172
4183
4191
4178
4190
4192
4171
4199
4193
4188
4196
4189
4211
4197
4207
4201
4216
4206
4220
4212
4214
4202
4221
4219
4232
4223
4229
4224
4225
4230
4237
4228
4246
4238
4233
4236
4243
4235
4227
4240
4249
4245
4259
4248
4260
4253
4251
4242
4244
4255
4263
4247
4262
4256
4250
4258
4269
4252
4257
4281
4264
4279
4265
4268
4273
4277
4266
4282
4284
4283
4291
4295
4288
4297
4306
4292
4307
4316
4305
4318
4317
4320
4326
4322
4323
4312
4313
4324
4327
4321
4336
4345
4343
4333
4350
4337
4339
4351
4344
4354
4358
4352
4355
4368
4357
4359
4347
4348
4356
4362
4364
4360
4367
4379
4377
4371
4382
4372
4365
4366
4376
4374
4381
4388
4386
4384
4402
4391
4383
4393
4385
4403
4387
4394
4396
4399
4401
4407
4413
4398
4408
4411
4410
4412
4423
4427
4405
4404
4424
4415
4418
4419
4420
4431
4417
4409
4437
4426
4429
4442
4445
4446
4438
4439
4432
4443
4434
4422
4448
4450
4460
4454
4453
4461
4459
4469
4458
4462
4444
4452
4473
4468
4482
4470
4464
4472
4465
4483
4476
4474
4475
4480
4481
4489
4471
4491
4484
4487
4492
4495
4498
4497
4507
4503
4499
4494
4512
4513
4505
4516
4511
4514
4518
4519
4528
4524
4525
4527
4530
4529
4531
4541
4532
4538
4526
4543
4552
4540
4534
4545
4537
4560
4551
4549
4563
4554
4571
4559
4566
4565
4561
4546
4564
4573
4567
4578
4579
4577
4581
4580
4568
4583
4586
4569
4587
4592
4596
4588
4582
4589
4603
4590
4607
4599
4605
4591
4600
4606
4608
4609
4594
4597
4602
4616
4619
4620
4622
4623
4628
4637
4640
4626
4632
4630
4647
4634
4633
4648
4643
4635
4658
4664
4660
4649
4655
4675
4676
4657
4683
4674
4682
4671
4670
4668
4678
4692
4693
4667
4685
4689
4688
4694
4684
4695
4707
4697
4700
4696
4705
4710
4709
4701
4686
4714
4706
4721
4715
4711
4717
4716
4718
4722
4724
4723
4727
4691
4729
4732
4733
4749
4728
4734
4738
4745
4744
4735
4742
4747
4762
4757
4748
4766
4768
4773
4756
4776
4765
4784
4782
4778
4786
4787
4794
4780
4789
4790
4795
4812
4796
4798
4775
4797
4810
4813
4815
4808
4814
4805
4809
4818
4827
4820
4822
4821
4828
4830
4835
4826
4842
4838
4832
4844
4848
4836
4829
4833
4856
4846
4824
4854
4834
4851
4837
4857
4864
4865
4867
4873
4863
4869
4878
4870
4880
4861
4887
4876
4890
4866
4881
4879
4894
4888
4877
4885
4872
4895
4899
4883
4891
4893
4898
4892
4904
4914
4903
4916
4910
4922
4921
4920
4919
4923
4913
4917
4924
4928
4931
4929
4932
4937
4934
4948
4935
4940
4927
4941
4933
4942
4960
4962
4957
4946
4954
4963
4951
4972
4964
4965
4958
4974
4973
4975
4976
4992
4979
4980
4988
4970
4977
4985
4986
4987
5002
4994
4984
4982
4999
4990
4989
4969
4996
4991
5008
4993
5003
4995
5007
5015
4971
5011
5019
5016
5034
5022
5023
5027
5032
5021
5026
5024
5040
5045
5018
5037
5043
5035
5025
5042
5039
5047
5052
5053
5055
5051
5031
5054
5049
5068
5048
5050
5069
5065
5062
5057
5060
5064
5067
5073
5075
5059
5076
5085
5079
5078
5080
5066
5100
5084
5089
5082
5099
5093
5097
5107
5081
5106
5108
5112
5113
5111
